Event,StartRow,FailRow,EndRow,SlipDuration,Stiffness,NptsStiffness,StiffnessIntercept,FailTime,FailDisplacement,50_Mean_Velocity,Peak_Velocity
0,161938,162157,162426,2.690000,0.000040,219,0.303112,4604.900000,9222.090000,0.000000,0.000000
1,162426,162670,162952,2.820000,0.000034,227,0.360074,4610.030000,9283.740000,0.000000,0.000000
2,162952,163170,163373,2.030000,0.000043,181,0.273074,4615.030000,9342.990000,0.000000,0.000000
3,163373,163611,163818,2.070000,0.000061,225,0.106173,4619.440000,9396.250000,0.000000,0.000000
4,163818,164071,164324,2.530000,0.000060,253,0.105542,4624.040000,9451.650000,0.000000,0.000000
5,164324,164571,164801,2.300000,0.000065,238,0.060924,4629.040000,9511.520000,0.000000,0.000000
6,164801,165071,165303,2.320000,0.000075,222,-0.046635,4634.040000,9571.040000,0.000000,0.000000
7,165303,165535,165779,2.440000,0.000081,199,-0.102976,4638.680000,9626.170000,0.000000,0.000000
8,165779,166056,166272,2.160000,0.000087,224,-0.168875,4643.890000,9688.630000,0.000000,0.000000
9,166272,166544,166749,2.050000,0.000092,230,-0.218869,4648.770000,9747.610000,0.000000,0.000000
10,166749,167055,167232,1.770000,0.000105,267,-0.359124,4653.880000,9808.280000,0.000000,0.000000
11,167232,167521,167713,1.920000,0.000137,273,-0.672921,4658.540000,9864.280000,0.000000,0.000000
12,167713,168024,168209,1.850000,0.000165,281,-0.964117,4663.570000,9924.270000,0.000000,0.000000
13,168209,168542,168713,1.710000,0.000210,284,-1.418292,4668.750000,9986.700000,0.000000,0.000000
14,168713,169077,169230,1.530000,0.000237,321,-1.706753,4674.100000,10050.900000,0.000000,0.000000
15,169230,169632,169763,1.310000,0.000274,321,-2.093238,4679.650000,10116.800000,0.000000,0.000000
16,169763,170205,170298,0.930000,0.000305,299,-2.422459,4685.380000,10185.100000,0.000000,0.000000
17,170298,170795,170906,1.110000,0.000327,359,-2.667686,4691.280000,10256.100000,0.000000,0.000000
18,170906,171360,171484,1.240000,0.000314,352,-2.556969,4696.930000,10323.900000,0.000000,0.000000
19,171484,171946,172053,1.070000,0.000311,350,-2.554491,4702.790000,10393.600000,0.000000,0.000000
20,172053,172500,172613,1.130000,0.000312,308,-2.586244,4708.330000,10460.200000,0.000000,0.000000
21,172613,173075,173275,1.030000,0.000305,319,-2.532494,4714.080000,10528.900000,0.000000,0.000000
22,173275,177842,178825,0.980000,0.000282,4244,-2.307780,4719.680000,10593.900000,0.000000,0.000000
23,178825,183191,184383,1.200000,0.000295,4288,-2.468244,4725.020000,10658.500000,0.000000,0.000000
24,184383,189101,190027,0.930000,0.000293,4431,-2.459728,4730.930000,10728.000000,0.000000,0.000000
25,190027,194837,195931,1.090000,0.000309,4432,-2.653879,4736.670000,10800.200000,0.000000,0.000000
26,195931,200344,201533,1.190000,0.000297,4331,-2.550998,4742.180000,10864.200000,0.000000,0.000000
27,201533,206243,207380,1.130000,0.000303,4525,-2.635584,4748.080000,10937.500000,0.000000,0.000000
28,207380,211753,212923,1.170000,0.000300,4189,-2.624328,4753.590000,11004.100000,0.000000,0.000000
29,212923,217999,218880,0.880000,0.000309,4739,-2.742799,4759.830000,11078.200000,0.000000,0.000000
30,218880,223753,224846,1.090000,0.000312,4681,-2.791746,4765.590000,11143.400000,0.000000,0.000000
31,224846,229498,230571,1.070000,0.000312,4513,-2.817247,4771.330000,11215.100000,0.000000,0.000000
32,230571,235541,236487,0.950000,0.000315,4634,-2.875643,4777.370000,11287.800000,0.000000,0.000000
33,236487,241599,242595,1.000000,0.000317,4779,-2.916379,4783.430000,11358.300000,0.000000,0.000000
34,242595,247489,248475,0.990000,0.000322,4572,-3.001732,4789.320000,11430.500000,0.000000,0.000000
35,248475,253903,254784,0.880000,0.000329,5142,-3.108839,4795.740000,11510.500000,0.000000,0.000000
36,254784,259994,260922,0.930000,0.000324,4920,-3.075475,4801.830000,11581.000000,0.000000,0.000000
37,260922,266135,267072,0.940000,0.000325,4941,-3.102392,4807.970000,11653.100000,0.000000,0.000000
38,267072,272391,273074,0.690000,0.000330,4989,-3.189054,4814.220000,11731.200000,0.000000,0.000000
39,273074,278740,279725,0.990000,0.000340,5289,-3.330700,4820.570000,11802.300000,0.000000,0.000000
40,279725,285094,285876,0.780000,0.000332,4984,-3.258692,4826.930000,11883.100000,0.000000,0.000000
41,285876,291501,292375,0.880000,0.000334,5237,-3.311829,4833.330000,11958.100000,0.000000,0.000000
42,292375,297646,298530,0.880000,0.000330,4985,-3.289780,4839.480000,12029.500000,0.000000,0.000000
43,475906,709350,710093,0.750000,0.000328,227899,-3.311345,5251.180000,12485.200000,0.000000,0.000000
44,710093,716852,717399,0.540000,0.000378,6079,-4.034726,5258.690000,12568.900000,0.000000,0.000000
45,717399,724345,724865,0.520000,0.000377,6369,-4.059078,5266.180000,12663.300000,0.000000,0.000000
46,724865,732050,732570,0.520000,0.000379,6604,-4.117739,5273.880000,12754.200000,0.000000,0.000000
47,732570,740250,740583,0.340000,0.000382,7002,-4.195893,5282.080000,12849.800000,0.000000,0.000000
48,740583,748248,748705,0.460000,0.000391,6938,-4.355663,5290.080000,12949.900000,0.000000,0.000000
49,748705,756347,756871,0.520000,0.000393,6966,-4.423592,5298.180000,13042.200000,0.000000,0.000000
50,756871,764749,765071,0.320000,0.000397,6901,-4.511564,5306.580000,13148.700000,0.000000,0.000000
51,765071,772015,772453,0.440000,0.000393,6101,-4.502719,5313.850000,13235.400000,0.000000,0.000000
52,772453,779400,779908,0.510000,0.000396,6171,-4.571294,5321.230000,13318.300000,0.000000,0.000000
53,779908,786571,787133,0.570000,0.000392,6063,-4.557126,5328.400000,13404.700000,0.000000,0.000000
54,787133,793651,794259,0.610000,0.000388,6030,-4.536831,5335.480000,13490.000000,0.000000,0.000000
55,794259,800600,801005,0.410000,0.000386,5759,-4.538230,5342.430000,13573.700000,0.000000,0.000000
56,801005,807701,808233,0.540000,0.000393,6161,-4.679576,5349.530000,13657.300000,0.000000,0.000000
57,808233,814297,814774,0.480000,0.000381,5679,-4.538121,5356.130000,13736.500000,0.000000,0.000000
58,814774,820548,820913,0.370000,0.000375,5296,-4.487916,5362.380000,13813.100000,0.000000,0.000000
59,820913,826899,827257,0.360000,0.000380,5508,-4.586303,5368.730000,13890.500000,0.000000,0.000000
60,827257,833749,834243,0.500000,0.000391,6013,-4.768574,5375.580000,13969.500000,0.000000,0.000000
61,834243,839962,840532,0.570000,0.000373,5521,-4.548632,5381.800000,14043.700000,0.000000,0.000000
62,840532,845803,846209,0.400000,0.000369,4989,-4.526106,5387.640000,14117.200000,0.000000,0.000000
63,846209,852512,852902,0.390000,0.000391,5864,-4.862139,5394.350000,14195.600000,0.000000,0.000000
64,852902,859447,859860,0.410000,0.000390,6175,-4.885082,5401.280000,14279.500000,0.000000,0.000000
65,859860,866755,867284,0.530000,0.000397,6316,-5.023263,5408.590000,14365.000000,0.000000,0.000000
66,867284,873344,873726,0.380000,0.000379,5689,-4.785921,5415.180000,14445.300000,0.000000,0.000000
67,873726,880009,880459,0.450000,0.000390,5746,-4.979862,5421.840000,14528.700000,0.000000,0.000000
68,880459,886650,887038,0.390000,0.000385,5710,-4.933410,5428.480000,14609.900000,0.000000,0.000000
69,887038,892998,893661,0.660000,0.000385,5782,-4.975684,5434.830000,14684.700000,0.000000,0.000000
70,893661,900351,900852,0.510000,0.000391,6350,-5.092700,5442.180000,14771.500000,0.000000,0.000000
71,900852,906968,907415,0.450000,0.000377,5930,-4.913347,5448.800000,14846.900000,0.000000,0.000000
72,907415,913852,914281,0.420000,0.000390,5756,-5.136066,5455.690000,14933.200000,0.000000,0.000000
73,914281,920351,920789,0.440000,0.000374,5697,-4.932428,5462.180000,15009.300000,0.000000,0.000000
74,920789,1008532,1017580,9.040000,0.000282,76282,-3.573563,5550.370000,15131.800000,0.000000,0.000000
75,1017580,1607736,1669716,6.190000,0.000360,21588,-4.791915,5637.860000,15237.000000,0.000000,0.000000
76,1669716,1764037,1769075,5.040000,0.000293,94321,-3.806598,5720.870000,15334.100000,0.000000,0.000000
77,1769075,1852546,1858869,6.320000,0.000343,73986,-4.600513,5809.380000,15443.500000,0.000000,0.000000
78,1858869,1943028,1947876,4.850000,0.000345,74199,-4.675105,5899.860000,15547.900000,0.000000,0.000000
79,1947876,2034029,2041067,7.040000,0.000358,76290,-4.913856,5990.860000,15657.900000,0.000000,0.000000
80,2041067,2124457,2143268,18.810000,0.000367,83116,-5.098298,6081.290000,15773.800000,0.000000,0.000000
81,2143268,2223528,2228171,4.640000,0.000359,69806,-5.017329,6180.360000,15890.000000,0.000000,0.000000
82,2228171,2309040,2313833,4.800000,0.000359,71905,-5.046526,6265.870000,15988.900000,0.000000,0.000000
83,2313833,2400540,2406805,6.270000,0.000366,76742,-5.193865,6357.370000,16096.300000,0.000000,0.000000
84,2406805,2485039,2490566,5.530000,0.000361,68778,-5.164149,6441.870000,16202.300000,0.000000,0.000000
85,2490566,2577043,2581906,4.860000,0.000369,74613,-5.334613,6533.880000,16310.900000,0.000000,0.000000
86,2581906,2669532,2675593,6.060000,0.000370,78678,-5.378600,6626.370000,16419.500000,0.000000,0.000000
87,2675593,2762547,2769336,6.790000,0.000374,78092,-5.493795,6719.380000,16532.600000,0.000000,0.000000
88,2769336,2855544,2859063,3.520000,0.000375,73363,-5.553987,6812.380000,16643.300000,0.000000,0.000000
89,2859063,2943557,2948552,5.000000,0.000375,73687,-5.589112,6900.390000,16753.500000,0.000000,0.000000
90,2948552,3037050,3041884,4.840000,0.000378,78158,-5.684397,6993.880000,16863.900000,0.000000,0.000000
91,3041884,3129557,3133681,4.120000,0.000380,76205,-5.765825,7086.390000,16974.400000,0.000000,0.000000
92,3133681,3219542,3225878,6.330000,0.000378,76906,-5.760312,7176.380000,17080.500000,0.000000,0.000000
93,3225878,3307052,3312909,5.850000,0.000371,73834,-5.693515,7263.890000,17188.100000,0.000000,0.000000
94,3312909,3395549,3400342,4.800000,0.000375,73185,-5.797632,7352.380000,17290.500000,0.000000,0.000000
95,3400342,3486558,3490835,4.280000,0.000383,74249,-5.971478,7443.390000,17398.300000,0.000000,0.000000
96,3490835,3576055,3580516,4.460000,0.000379,77259,-5.952425,7532.890000,17511.400000,0.000000,0.000000
97,3580516,3666054,3671231,5.170000,0.000382,76079,-6.033096,7622.890000,17618.100000,0.000000,0.000000
98,3935333,4153148,4153544,0.400000,0.000340,211472,-5.326100,8109.980000,17951.900000,0.000000,0.000000
99,4153544,4160325,4161034,0.710000,0.000418,6418,-6.823557,8117.160000,18034.500000,0.000000,0.000000
100,4161034,4168553,4168945,0.390000,0.000429,6679,-7.074893,8125.390000,18135.400000,0.000000,0.000000
101,4168945,4176652,4177081,0.420000,0.000427,7027,-7.072902,8133.490000,18229.300000,0.000000,0.000000
102,4177081,4184850,4185223,0.380000,0.000430,7083,-7.169102,8141.680000,18329.400000,0.000000,0.000000
103,4185223,4192249,4192701,0.450000,0.000423,6631,-7.096112,8149.080000,18421.700000,0.000000,0.000000
104,4192701,4199448,4199881,0.430000,0.000425,6254,-7.158396,8156.280000,18507.700000,0.000000,0.000000
105,4199881,4206709,4207101,0.390000,0.000431,6091,-7.318935,8163.540000,18594.000000,0.000000,0.000000
106,4207101,4213655,4214136,0.480000,0.000426,6273,-7.260474,8170.490000,18676.200000,0.000000,0.000000
107,4214136,4221254,4221736,0.480000,0.000433,6732,-7.423059,8178.090000,18766.800000,0.000000,0.000000
108,4221736,4228851,4229150,0.300000,0.000432,6633,-7.458566,8185.680000,18856.200000,0.000000,0.000000
109,4229150,4236611,4236984,0.380000,0.000437,6872,-7.588995,8193.440000,18947.700000,0.000000,0.000000
110,4236984,4244155,4244607,0.450000,0.000440,6693,-7.686968,8200.990000,19038.200000,0.000000,0.000000
111,4244607,4251707,4252025,0.320000,0.000430,6749,-7.537632,8208.540000,19133.500000,0.000000,0.000000
112,4252025,4259154,4259604,0.450000,0.000434,6747,-7.661749,8215.990000,19219.100000,0.000000,0.000000
113,4259604,4266751,4267136,0.390000,0.000431,6770,-7.632755,8223.580000,19310.000000,0.000000,0.000000
114,4267136,4274003,4274383,0.380000,0.000433,6467,-7.722206,8230.840000,19399.200000,0.000000,0.000000
115,4274383,4281152,4281623,0.470000,0.000430,6488,-7.694185,8237.990000,19481.700000,0.000000,0.000000
116,4281623,4289052,4289477,0.420000,0.000442,6937,-7.965559,8245.890000,19577.700000,0.000000,0.000000
117,4289477,4297158,4297506,0.350000,0.000441,7236,-7.988717,8253.990000,19678.600000,0.000000,0.000000
118,4297506,4305161,4305528,0.370000,0.000439,7311,-7.992748,8261.990000,19773.000000,0.000000,0.000000
119,4305528,4312959,4313339,0.380000,0.000439,7051,-8.033316,8269.790000,19868.900000,0.000000,0.000000
120,4313339,4321256,4321574,0.320000,0.000443,7291,-8.150500,8278.090000,19964.000000,0.000000,0.000000
121,4321574,4328899,4329285,0.390000,0.000435,6999,-8.031956,8285.730000,20054.400000,0.000000,0.000000
122,4329285,4348481,4348838,0.360000,0.000474,19196,-8.875611,8387.210000,20181.200000,0.000000,0.000000
123,4348838,4355364,4355669,0.300000,0.000447,6245,-8.366989,8394.100000,20268.000000,0.000000,0.000000
124,4355669,4362631,4363036,0.410000,0.000447,6717,-8.420755,8401.360000,20353.700000,0.000000,0.000000
125,4363036,4370374,4370659,0.280000,0.000451,7052,-8.537225,8409.110000,20445.400000,0.000000,0.000000
126,4370659,4378165,4378569,0.400000,0.000447,7405,-8.488829,8416.900000,20535.700000,0.000000,0.000000
127,4378569,4386007,4386309,0.300000,0.000449,7238,-8.576733,8424.740000,20632.200000,0.000000,0.000000
128,4386309,4393671,4394036,0.370000,0.000448,7272,-8.598851,8432.400000,20723.500000,0.000000,0.000000
129,4394036,4401506,4401919,0.410000,0.000452,7345,-8.715261,8440.240000,20816.100000,0.000000,0.000000
130,4401919,4409813,4410143,0.330000,0.000449,7701,-8.715737,8448.550000,20914.600000,0.000000,0.000000
131,4410143,4418125,4418461,0.330000,0.000453,7777,-8.836062,8456.860000,21014.300000,0.000000,0.000000
132,4418461,4426007,4426432,0.430000,0.000446,7546,-8.723377,8464.740000,21114.700000,0.000000,0.000000
133,4426432,4433823,4434237,0.410000,0.000445,7389,-8.743871,8472.560000,21205.600000,0.000000,0.000000
134,4434237,4441575,4441859,0.280000,0.000447,7136,-8.829485,8480.310000,21298.900000,0.000000,0.000000
135,4441859,4449213,4449704,0.490000,0.000443,7349,-8.794839,8487.950000,21391.700000,0.000000,0.000000
136,4449704,4456905,4457229,0.320000,0.000438,7031,-8.725918,8495.640000,21482.200000,0.000000,0.000000
137,4457229,4465067,4465319,0.250000,0.000446,7607,-8.940381,8503.800000,21582.400000,0.000000,0.000000
138,4465319,4473169,4473456,0.290000,0.000448,7638,-9.032450,8511.900000,21679.700000,0.000000,0.000000
139,4473456,4481362,4481809,0.440000,0.000448,7783,-9.068477,8520.100000,21778.000000,0.000000,0.000000
140,4481809,4489612,4489922,0.310000,0.000447,7614,-9.085041,8528.350000,21870.000000,0.000000,0.000000
141,4489922,4498065,4498421,0.350000,0.000452,8003,-9.242475,8536.800000,21978.100000,0.000000,0.000000
142,4498421,4506468,4506764,0.300000,0.000448,7829,-9.201692,8545.200000,22072.100000,0.000000,0.000000
143,4506764,4515111,4515314,0.210000,0.000453,7919,-9.361351,8553.840000,22181.000000,0.000000,0.000000
144,4515314,4523358,4523651,0.290000,0.000451,7765,-9.361676,8562.090000,22274.600000,0.000000,0.000000
145,4523651,4531563,4531976,0.410000,0.000452,7618,-9.423997,8570.300000,22374.400000,0.000000,0.000000
146,4531976,4539827,4540176,0.350000,0.000445,7691,-9.317929,8578.560000,22477.400000,0.000000,0.000000
147,4540176,4547961,4548301,0.340000,0.000446,7604,-9.371419,8586.690000,22573.600000,0.000000,0.000000
148,4548301,4556125,4556405,0.280000,0.000446,7533,-9.420325,8594.860000,22670.800000,0.000000,0.000000
149,4556405,4563775,4564130,0.350000,0.000439,7236,-9.315637,8602.510000,22760.500000,0.000000,0.000000
150,4564130,4571768,4572209,0.440000,0.000441,7555,-9.404471,8610.500000,22858.700000,0.000000,0.000000
151,4572209,4579872,4580207,0.330000,0.000443,7380,-9.486278,8618.610000,22955.200000,0.000000,0.000000
152,4580207,4588366,4588699,0.330000,0.000448,7803,-9.653697,8627.100000,23058.200000,0.000000,0.000000
153,4588699,4596971,4597315,0.350000,0.000450,8011,-9.739944,8635.700000,23157.000000,0.000000,0.000000
154,4597315,4605377,4605877,0.500000,0.000447,7967,-9.703252,8644.110000,23263.100000,0.000000,0.000000
155,4605877,4613874,4614238,0.360000,0.000446,7847,-9.727803,8652.610000,23364.100000,0.000000,0.000000
156,4614238,4622528,4622968,0.440000,0.000450,8039,-9.876203,8661.260000,23466.700000,0.000000,0.000000
157,4622968,4630771,4631226,0.460000,0.000442,7722,-9.719818,8669.500000,23562.200000,0.000000,0.000000
158,4631226,4639066,4639475,0.410000,0.000448,7414,-9.921638,8677.800000,23664.300000,0.000000,0.000000
159,4639475,4647113,4647444,0.330000,0.000447,7269,-9.934529,8685.850000,23760.500000,0.000000,0.000000
160,4829401,5035675,5036055,0.380000,0.000351,199293,-7.710286,9074.410000,24160.300000,0.000000,0.000000
161,5036055,5044235,5044668,0.430000,0.000434,7983,-9.808600,9082.970000,24265.000000,0.000000,0.000000
162,5044668,5053024,5053330,0.300000,0.000433,7926,-9.841956,9091.760000,24371.200000,0.000000,0.000000
163,5053330,5061676,5061994,0.320000,0.000439,7853,-10.042653,9100.410000,24475.600000,0.000000,0.000000
164,5061994,5070019,5070343,0.330000,0.000440,7741,-10.103304,9108.750000,24571.900000,0.000000,0.000000
165,5070343,5078735,5079071,0.330000,0.000444,8046,-10.250242,9117.470000,24674.300000,0.000000,0.000000
166,5079071,5087468,5087751,0.280000,0.000446,8121,-10.339270,9126.200000,24786.300000,0.000000,0.000000
167,5087751,5096069,5096386,0.320000,0.000450,8034,-10.502575,9134.800000,24888.200000,0.000000,0.000000
168,5096386,5104773,5105050,0.270000,0.000452,8109,-10.582318,9143.510000,24986.100000,0.000000,0.000000
169,5105050,5113627,5113957,0.330000,0.000456,8374,-10.742348,9152.360000,25099.000000,0.000000,0.000000
170,5113957,5122434,5122742,0.310000,0.000456,8298,-10.790175,9161.170000,25203.000000,0.000000,0.000000
171,5122742,5131188,5131473,0.290000,0.000457,8268,-10.859505,9169.920000,25303.900000,0.000000,0.000000
172,5131473,5139569,5139829,0.260000,0.000455,7918,-10.864706,9178.300000,25406.000000,0.000000,0.000000
173,5139829,5147923,5148233,0.310000,0.000457,7898,-10.974223,9186.660000,25510.600000,0.000000,0.000000
174,5148233,5156487,5156776,0.290000,0.000461,8001,-11.109019,9195.220000,25608.600000,0.000000,0.000000
175,5156776,5158624,5158677,0.050000,0.000529,1848,-12.898064,9197.360000,25697.600000,0.000000,0.000000
176,5158677,5159287,5159366,0.080000,0.000494,607,-12.040725,9198.020000,25773.400000,0.000000,0.000000
177,5159366,5159965,5160035,0.070000,0.000480,593,-11.736575,9198.700000,25851.300000,0.000000,0.000000
178,5160035,5160647,5160715,0.070000,0.000480,606,-11.778292,9199.380000,25933.600000,0.000000,0.000000
179,5160715,5161325,5161391,0.060000,0.000481,599,-11.829980,9200.060000,26014.200000,0.000000,0.000000
180,5161391,5162024,5162084,0.060000,0.000483,613,-11.932267,9200.760000,26103.300000,0.000000,0.000000
181,5162084,5162682,5162756,0.070000,0.000482,598,-11.948611,9201.420000,26183.400000,0.000000,0.000000
182,5162756,5163388,5163448,0.060000,0.000484,621,-12.028196,9202.120000,26261.600000,0.000000,0.000000
183,5163448,5164111,5164173,0.070000,0.000485,642,-12.103372,9202.840000,26348.300000,0.000000,0.000000
184,5164173,5164781,5164842,0.070000,0.000481,588,-12.027837,9203.510000,26434.900000,0.000000,0.000000
185,5164842,5165450,5165523,0.080000,0.000482,603,-12.108828,9204.180000,26515.400000,0.000000,0.000000
186,5165523,5166159,5166219,0.060000,0.000481,623,-12.127715,9204.890000,26594.500000,0.000000,0.000000
187,5166219,5166867,5166922,0.060000,0.000487,623,-12.325382,9205.600000,26683.200000,0.000000,0.000000
188,5166922,5167574,5167644,0.070000,0.000491,641,-12.456571,9206.310000,26763.000000,0.000000,0.000000
189,5167644,5168325,5168381,0.050000,0.000493,657,-12.572185,9207.060000,26856.900000,0.000000,0.000000
190,5168381,5169051,5169115,0.070000,0.000494,651,-12.641525,9207.780000,26943.400000,0.000000,0.000000
191,5169115,5169774,5169836,0.060000,0.000492,648,-12.622628,9208.510000,27026.600000,0.000000,0.000000
192,5169836,5170490,5170542,0.060000,0.000493,631,-12.679460,9209.220000,27112.600000,0.000000,0.000000
193,5170542,5171213,5171273,0.060000,0.000497,656,-12.842612,9209.950000,27204.500000,0.000000,0.000000
194,5171273,5171947,5172012,0.070000,0.000497,661,-12.888679,9210.680000,27289.500000,0.000000,0.000000
195,5172012,5172675,5172743,0.070000,0.000498,648,-12.959268,9211.410000,27380.900000,0.000000,0.000000
196,5172743,5173369,5173434,0.070000,0.000490,609,-12.785021,9212.100000,27464.400000,0.000000,0.000000
197,5173434,5174079,5174139,0.060000,0.000489,637,-12.806764,9212.810000,27544.700000,0.000000,0.000000
198,5174139,5174790,5174861,0.070000,0.000494,646,-12.977677,9213.520000,27634.700000,0.000000,0.000000
199,5174861,5175533,5175582,0.050000,0.000494,646,-13.014948,9214.270000,27717.000000,0.000000,0.000000
200,5175582,5176268,5176327,0.060000,0.000501,669,-13.259309,9215.000000,27811.500000,0.000000,0.000000
201,5176327,5177001,5177065,0.070000,0.000500,668,-13.267496,9215.730000,27892.200000,0.000000,0.000000
202,5177065,5177759,5177820,0.060000,0.000504,669,-13.428613,9216.490000,27988.100000,0.000000,0.000000
203,5177820,5178495,5178558,0.060000,0.000500,663,-13.369225,9217.230000,28078.000000,0.000000,0.000000
204,5178558,5179244,5179299,0.050000,0.000499,664,-13.374026,9217.980000,28167.900000,0.000000,0.000000
205,5179299,5179977,5180049,0.070000,0.000502,674,-13.503727,9218.710000,28248.900000,0.000000,0.000000
206,5180049,5180742,5180814,0.070000,0.000504,683,-13.601335,9219.480000,28346.400000,0.000000,0.000000
207,5180814,5181494,5181556,0.060000,0.000500,664,-13.550977,9220.230000,28430.500000,0.000000,0.000000
208,5181556,5182241,5182300,0.060000,0.000497,666,-13.505258,9220.970000,28521.100000,0.000000,0.000000
209,5182300,5182977,5183039,0.060000,0.000499,651,-13.608543,9221.710000,28607.800000,0.000000,0.000000
210,5183039,5183702,5183770,0.060000,0.000495,658,-13.539624,9222.440000,28701.800000,0.000000,0.000000
211,5183770,5184441,5184497,0.060000,0.000495,651,-13.563715,9223.170000,28788.200000,0.000000,0.000000
212,5184497,5189781,5190077,0.300000,0.000392,5283,-10.653660,9228.510000,28904.400000,0.000000,0.000000
213,5190077,5199220,5199468,0.250000,0.000459,8808,-12.620344,9237.950000,29021.200000,0.000000,0.000000
214,5199468,5208828,5209107,0.280000,0.000471,9072,-13.024170,9247.560000,29136.400000,0.000000,0.000000
215,5209107,5218728,5218978,0.250000,0.000470,9327,-13.066979,9257.460000,29253.100000,0.000000,0.000000
216,5218978,5228375,5228516,0.140000,0.000474,8955,-13.219088,9267.110000,29374.000000,0.000000,0.000000
217,5228516,5237223,5237403,0.180000,0.000472,8474,-13.210896,9275.960000,29476.900000,0.000000,0.000000
218,5237403,5246473,5246684,0.210000,0.000471,8787,-13.242077,9285.210000,29587.000000,0.000000,0.000000
219,5435891,5667732,5667986,0.250000,0.000328,231841,-9.085757,9706.470000,29973.500000,0.000000,0.000000
220,5667986,5675984,5676189,0.200000,0.000453,7720,-12.909919,9714.720000,30068.500000,0.000000,0.000000
221,5676189,5684881,5685132,0.260000,0.000462,8516,-13.216226,9723.610000,30175.100000,0.000000,0.000000
222,5685132,5693931,5694169,0.240000,0.000466,8511,-13.393858,9732.660000,30281.300000,0.000000,0.000000
223,5694169,5703185,5703359,0.170000,0.000469,8721,-13.535493,9741.920000,30393.700000,0.000000,0.000000
224,5703359,5712085,5712355,0.270000,0.000467,8642,-13.531782,9750.820000,30500.800000,0.000000,0.000000
225,5712355,5721178,5721331,0.150000,0.000470,8484,-13.670416,9759.910000,30608.300000,0.000000,0.000000
226,5721331,5729748,5729963,0.220000,0.000467,8274,-13.643764,9768.480000,30710.100000,0.000000,0.000000
227,5729963,5738579,5738791,0.210000,0.000470,8393,-13.794425,9777.310000,30821.100000,0.000000,0.000000
228,5738791,5747286,5747516,0.230000,0.000470,8392,-13.845817,9786.020000,30927.600000,0.000000,0.000000
229,5747516,5756280,5756534,0.260000,0.000472,8635,-13.937768,9795.010000,31032.500000,0.000000,0.000000
230,5756534,5763931,5763979,0.050000,0.000492,7397,-14.613707,9802.660000,31146.900000,0.000000,0.000000
231,5763979,5764653,5764701,0.040000,0.000538,636,-16.108368,9803.390000,31230.100000,0.000000,0.000000
232,5764701,5765335,5765398,0.060000,0.000511,630,-15.304682,9804.070000,31313.900000,0.000000,0.000000
233,5765398,5766042,5766104,0.060000,0.000509,639,-15.298415,9804.780000,31401.700000,0.000000,0.000000
234,5766104,5766762,5766817,0.050000,0.000508,646,-15.307107,9805.500000,31489.400000,0.000000,0.000000
235,5766817,5767485,5767540,0.050000,0.000508,648,-15.367233,9806.220000,31574.000000,0.000000,0.000000
236,5767540,5768210,5768271,0.060000,0.000507,662,-15.380797,9806.940000,31658.800000,0.000000,0.000000
237,5768271,5768952,5769013,0.060000,0.000512,665,-15.561923,9807.690000,31745.200000,0.000000,0.000000
238,5769013,5769696,5769762,0.070000,0.000511,674,-15.589510,9808.430000,31836.000000,0.000000,0.000000
239,5769762,5770458,5770521,0.060000,0.000508,688,-15.534931,9809.190000,31928.100000,0.000000,0.000000
240,5770521,5771215,5771267,0.050000,0.000508,677,-15.601044,9809.950000,32022.800000,0.000000,0.000000
241,5771267,5771968,5772026,0.060000,0.000508,691,-15.619072,9810.700000,32112.700000,0.000000,0.000000
242,5772026,5772717,5772771,0.050000,0.000507,677,-15.656994,9811.450000,32198.500000,0.000000,0.000000
243,5772771,5773454,5773502,0.050000,0.000503,665,-15.572268,9812.190000,32285.300000,0.000000,0.000000
244,5773502,5774195,5774257,0.060000,0.000508,676,-15.754816,9812.930000,32379.900000,0.000000,0.000000
245,5774257,5774928,5774991,0.060000,0.000502,665,-15.632661,9813.660000,32461.000000,0.000000,0.000000
246,5774991,5775681,5775748,0.070000,0.000506,687,-15.792672,9814.410000,32553.400000,0.000000,0.000000
247,5775748,5776452,5776505,0.050000,0.000507,673,-15.880172,9815.190000,32646.600000,0.000000,0.000000
248,5776505,5777189,5777248,0.060000,0.000507,664,-15.909153,9815.920000,32734.000000,0.000000,0.000000
249,5777248,5777924,5777977,0.050000,0.000503,654,-15.823132,9816.660000,32826.100000,0.000000,0.000000
250,5777977,5778652,5778710,0.050000,0.000502,658,-15.832690,9817.390000,32913.400000,0.000000,0.000000
251,5778710,5779392,5779454,0.060000,0.000502,672,-15.891209,9818.130000,32999.700000,0.000000,0.000000
252,5779454,5780168,5780225,0.060000,0.000507,689,-16.097900,9818.900000,33089.500000,0.000000,0.000000
253,5780225,5780928,5780983,0.060000,0.000503,681,-16.014498,9819.660000,33185.000000,0.000000,0.000000
254,5780983,5781691,5781755,0.070000,0.000509,688,-16.257888,9820.420000,33272.900000,0.000000,0.000000
255,5781755,5782463,5782525,0.060000,0.000504,693,-16.142042,9821.200000,33365.500000,0.000000,0.000000
256,5782525,5783235,5783295,0.060000,0.000504,692,-16.190763,9821.970000,33456.000000,0.000000,0.000000
257,5783295,5783956,5784014,0.060000,0.000495,645,-15.920008,9822.690000,33544.000000,0.000000,0.000000
258,5784014,5784716,5784769,0.050000,0.000502,675,-16.210450,9823.450000,33638.900000,0.000000,0.000000
259,5784769,5785450,5785510,0.060000,0.000503,662,-16.279872,9824.180000,33727.800000,0.000000,0.000000
260,5785510,5793529,5793781,0.250000,0.000438,7934,-14.149116,9832.260000,33845.600000,0.000000,0.000000
261,5793781,5802590,5802757,0.170000,0.000455,8364,-14.773700,9841.320000,33952.000000,0.000000,0.000000
262,5802757,5811927,5812198,0.270000,0.000462,8835,-15.039665,9850.660000,34069.900000,0.000000,0.000000
263,5812198,5821528,5821774,0.250000,0.000469,9051,-15.336474,9860.260000,34184.700000,0.000000,0.000000
264,5821774,5830521,5830800,0.280000,0.000462,8419,-15.156056,9869.250000,34288.100000,0.000000,0.000000
265,5830800,5839427,5839659,0.230000,0.000463,8285,-15.229272,9878.160000,34395.500000,0.000000,0.000000
266,5839659,5848179,5848414,0.240000,0.000461,8339,-15.211784,9886.910000,34500.200000,0.000000,0.000000
267,5848414,5857036,5857277,0.240000,0.000461,8377,-15.273941,9895.770000,34610.500000,0.000000,0.000000
268,5857277,5865528,5865867,0.340000,0.000462,8174,-15.351075,9904.260000,34711.900000,0.000000,0.000000
269,5865867,5874375,5874627,0.250000,0.000465,8235,-15.484812,9913.110000,34814.800000,0.000000,0.000000
270,5874627,5883424,5883649,0.220000,0.000469,8318,-15.686014,9922.160000,34925.300000,0.000000,0.000000
271,5883649,5892138,5892392,0.260000,0.000465,8198,-15.596773,9930.870000,35026.400000,0.000000,0.000000
272,5892392,5900674,5900927,0.250000,0.000468,8006,-15.771232,9939.410000,35130.900000,0.000000,0.000000
273,5900927,5909325,5909603,0.280000,0.000468,8213,-15.799564,9948.060000,35232.300000,0.000000,0.000000
274,5909603,5918034,5918242,0.210000,0.000466,8100,-15.779220,9956.770000,35337.500000,0.000000,0.000000
275,5918242,5926133,5926332,0.200000,0.000460,7604,-15.599225,9964.870000,35439.300000,0.000000,0.000000
276,5926332,5934685,5934887,0.200000,0.000468,7960,-15.946434,9973.420000,35535.300000,0.000000,0.000000
277,5934887,5943070,5943304,0.240000,0.000463,8006,-15.813758,9981.800000,35641.600000,0.000000,0.000000
278,6136103,6363336,6363637,0.300000,0.000327,227233,-11.038513,10402.100000,36005.800000,0.000000,0.000000
279,6363637,6371638,6371823,0.200000,0.000451,7530,-15.562276,10410.400000,36104.300000,0.000000,0.000000
280,6371823,6416427,6418302,0.200000,0.000511,4445,-17.781055,10419.000000,36197.500000,0.000000,0.000000
281,6418302,6501027,6503384,0.200000,0.000289,82725,-9.808276,10427.500000,36300.400000,0.000000,0.000000
282,6503384,6589999,6593057,0.300000,0.000304,86615,-10.384768,10436.400000,36399.400000,0.000000,0.000000
283,6593057,6676994,6679301,0.200000,0.000299,83937,-10.237772,10445.100000,36542.600000,0.000000,0.000000
284,6679301,6765937,6767835,0.200000,0.000308,86636,-10.587097,10454.000000,36640.100000,0.000000,0.000000
285,6767835,6783389,6783843,0.100000,0.000287,15554,-9.870525,10455.700000,36709.800000,0.000000,0.000000
286,6783843,6790359,6790848,0.100000,0.000266,6516,-9.112195,10456.400000,36777.400000,0.000000,0.000000
287,6790848,6797033,6797616,0.000000,0.000252,6185,-8.624223,10457.100000,36874.300000,0.000000,0.000000
288,6797616,6803891,6804465,0.000000,0.000258,6275,-8.871447,10457.800000,36958.600000,0.000000,0.000000
289,6804465,6810796,6811338,0.000000,0.000258,6331,-8.893099,10458.500000,37023.300000,0.000000,0.000000
290,6811338,6817805,6818300,0.000000,0.000264,6467,-9.105110,10459.200000,37118.500000,0.000000,0.000000
291,6818300,6824741,6825317,0.100000,0.000265,6441,-9.178026,10459.800000,37181.000000,0.000000,0.000000
292,6825317,6831690,6832378,0.100000,0.000266,6373,-9.251040,10460.500000,37290.100000,0.000000,0.000000
293,6832378,6838946,6839505,0.000000,0.000271,6568,-9.464689,10461.300000,37354.000000,0.000000,0.000000
294,6839505,6845941,6846535,0.000000,0.000266,6436,-9.295529,10462.000000,37458.200000,0.000000,0.000000
295,6846535,6853026,6853609,0.000000,0.000270,6491,-9.483767,10462.700000,37562.500000,0.000000,0.000000
296,6853609,6860231,6860845,0.100000,0.000278,6622,-9.795644,10463.400000,37624.300000,0.000000,0.000000
297,6860845,6867184,6868572,0.100000,0.000270,6339,-9.507973,10464.100000,37707.100000,0.000000,0.000000
298,6868572,6953436,6956099,0.300000,0.000301,84864,-10.719297,10472.700000,37812.500000,0.000000,0.000000
299,6956099,7033982,7035679,0.100000,0.000284,77883,-10.091713,10480.800000,37901.000000,0.000000,0.000000
300,7035679,7117196,7117343,0.200000,0.000312,81517,-11.173510,10489.900000,38022.800000,0.000000,0.000000
301,7117343,7126342,7126636,0.300000,0.000482,8617,-17.670885,10499.100000,38134.700000,0.000000,0.000000
302,7126636,7135344,7135545,0.200000,0.000483,8316,-17.794034,10508.100000,38242.600000,0.000000,0.000000
303,7135545,7144342,7144575,0.200000,0.000483,8414,-17.845720,10517.100000,38352.400000,0.000000,0.000000
304,7144575,7153036,7153215,0.100000,0.000482,8084,-17.836796,10525.800000,38452.800000,0.000000,0.000000
305,7153215,7161635,7161888,0.200000,0.000482,8042,-17.906288,10534.400000,38557.000000,0.000000,0.000000
306,7161888,7170591,7170753,0.200000,0.000484,8316,-18.028749,10543.300000,38665.200000,0.000000,0.000000
307,7170753,7179545,7179712,0.100000,0.000484,8412,-18.065773,10552.300000,38771.700000,0.000000,0.000000
308,7179712,7187742,7187974,0.200000,0.000480,7749,-17.976423,10560.500000,38874.200000,0.000000,0.000000
309,7187974,7196801,7197010,0.200000,0.000487,8440,-18.297253,10569.500000,38977.400000,0.000000,0.000000
310,7197010,7205341,7205520,0.200000,0.000484,7949,-18.223710,10578.100000,39079.800000,0.000000,0.000000
311,7205520,7213345,7213519,0.200000,0.000481,7540,-18.140152,10586.100000,39180.700000,0.000000,0.000000
312,7213519,7221888,7222108,0.200000,0.000487,8079,-18.444281,10594.600000,39281.900000,0.000000,0.000000
313,7222108,7230542,7230775,0.200000,0.000490,7954,-18.601631,10603.300000,39381.800000,0.000000,0.000000
314,7230775,7239536,7239741,0.200000,0.000493,8286,-18.767581,10612.300000,39488.400000,0.000000,0.000000
315,7239741,7248346,7248535,0.200000,0.000491,8220,-18.764252,10621.100000,39596.700000,0.000000,0.000000
316,7248535,7256741,7256880,0.100000,0.000490,7821,-18.749730,10629.500000,39700.300000,0.000000,0.000000
317,7256880,7264995,7265176,0.200000,0.000486,7818,-18.656070,10637.700000,39799.100000,0.000000,0.000000
318,7265176,7273442,7273630,0.200000,0.000485,7840,-18.680803,10646.200000,39901.100000,0.000000,0.000000
319,7273630,7282137,7282288,0.100000,0.000488,8026,-18.835040,10654.900000,40004.100000,0.000000,0.000000
320,7282288,7290995,7291180,0.200000,0.000494,8277,-19.143952,10663.700000,40107.200000,0.000000,0.000000
321,7291180,7299538,7299815,0.200000,0.000492,8089,-19.104792,10672.300000,40210.400000,0.000000,0.000000
322,7299815,7308001,7308247,0.300000,0.000490,7941,-19.075084,10680.700000,40314.000000,0.000000,0.000000
323,7308247,7316548,7316744,0.200000,0.000488,8005,-19.038745,10689.300000,40416.200000,0.000000,0.000000
324,7316744,7325449,7325658,0.200000,0.000494,8512,-19.335812,10698.200000,40518.400000,0.000000,0.000000
325,7325658,7334151,7334379,0.200000,0.000491,8192,-19.269822,10706.900000,40627.400000,0.000000,0.000000
326,7525032,7722802,7722917,0.200000,0.000354,197770,-13.776446,11095.500000,41003.600000,0.000000,0.000000
327,7722917,7731260,7731438,0.200000,0.000473,7987,-18.743998,11104.000000,41105.600000,0.000000,0.000000
328,7731438,7740005,7740236,0.300000,0.000478,8172,-18.993802,11112.700000,41204.100000,0.000000,0.000000
329,7740236,7749056,7749249,0.200000,0.000483,8420,-19.262321,11121.800000,41318.900000,0.000000,0.000000
