Event,StartRow,FailRow,EndRow,SlipDuration,Stiffness,NptsStiffness,StiffnessIntercept,FailTime,FailDisplacement,50_Mean_Velocity,Peak_Velocity
0,1136685,1140361,1143719,3.360000,0.000033,3676,0.366826,6805.170000,9631.760000,9.688555,15.029644
1,1143719,1146646,1150127,3.490000,0.000035,2927,0.348386,6811.450000,9693.870000,9.234054,14.169960
2,1150127,1153668,1156615,2.940000,0.000036,3541,0.334934,6818.480000,9763.350000,9.162829,14.851779
3,1156615,1159430,1163395,3.960000,0.000044,2815,0.258442,6824.240000,9820.370000,8.574795,18.359684
4,1163395,1166824,1169563,2.740000,0.000049,2584,0.208550,6831.630000,9892.880000,9.027581,14.179842
5,1169563,1172768,1176493,3.720000,0.000049,3205,0.203631,6837.580000,9951.970000,9.145636,14.416996
6,1176493,1179041,1182631,3.590000,0.000076,1973,-0.073799,6843.850000,10014.600000,9.032819,15.978261
7,1182631,1185792,1188364,2.570000,0.000068,3161,-0.002385,6850.600000,10081.000000,8.528238,16.017787
8,1188364,1191708,1195118,3.410000,0.000079,3344,-0.109308,6856.520000,10140.000000,8.625641,15.583004
9,1195118,1198028,1201135,3.100000,0.000109,2910,-0.425431,6862.840000,10203.000000,8.655205,16.007905
10,1201135,1205029,1207647,2.620000,0.000114,3278,-0.482891,6869.840000,10272.900000,8.000987,16.324111
11,1207647,1211359,1213759,2.400000,0.000135,3362,-0.708822,6876.170000,10336.100000,8.649421,16.739130
12,1213759,1217649,1220328,2.680000,0.000152,3258,-0.890923,6882.460000,10398.400000,7.486516,16.887352
13,1220328,1224654,1226961,2.310000,0.000152,4326,-0.904879,6889.460000,10466.800000,7.323504,21.274704
14,1226961,1231529,1233550,2.020000,0.000213,3699,-1.554360,6896.340000,10534.700000,7.387166,25.988142
15,1233550,1238529,1240474,1.940000,0.000244,4451,-1.892038,6903.340000,10603.800000,6.365801,40.484190
16,1240474,1246277,1247790,1.510000,0.000285,4582,-2.351026,6911.090000,10681.100000,5.782803,80.642292
17,1247790,1254558,1256199,1.640000,0.000319,4142,-2.736739,6919.370000,10763.700000,6.412298,83.982213
18,1256199,1262941,1264104,1.160000,0.000312,4388,-2.692208,6927.750000,10847.500000,5.468911,142.420949
19,1264104,1271401,1272869,1.470000,0.000349,3895,-3.114067,6936.210000,10931.900000,6.455957,192.015810
20,1272869,1280909,1282352,1.440000,0.000356,4211,-3.221300,6945.720000,11026.800000,5.225160,122.954545
21,1282352,1289679,1290854,1.170000,0.000330,4950,-2.974964,6954.490000,11114.300000,6.250353,358.626482
22,1290854,1299614,1300836,1.220000,0.000384,4191,-3.603090,6964.420000,11213.400000,5.057123,304.881423
23,1300836,1309418,1310372,0.950000,0.000378,3633,-3.573222,6974.230000,11311.300000,5.892183,522.312253
24,1310372,1319562,1320652,1.090000,0.000391,4747,-3.753552,6984.370000,11411.600000,5.886988,601.551383
25,1320652,1330033,1331050,1.020000,0.000458,1844,-4.564986,6994.840000,11515.300000,6.119071,711.679842
26,1331050,1340851,1341698,0.850000,0.000428,3233,-4.261435,7005.660000,11623.400000,4.795455,541.749012
27,1341698,1350758,1351626,0.860000,0.000410,3278,-4.101082,7015.570000,11722.100000,6.284232,748.142292
28,1351626,1361296,1362106,0.810000,0.000425,3720,-4.319592,7026.100000,11827.300000,5.161590,944.367589
29,1362106,1372028,1373052,1.020000,0.000429,3711,-4.411543,7036.840000,11934.300000,6.155303,879.347826
30,1373052,1382830,1383778,0.950000,0.000444,3123,-4.632673,7047.640000,12042.300000,5.931524,694.960474
31,1383778,1393178,1394131,0.950000,0.000423,3707,-4.428515,7057.990000,12145.600000,5.206750,1071.640316
32,1394131,1404111,1405269,1.160000,0.000448,3381,-4.782239,7068.920000,12254.700000,5.701581,939.328063
33,1405269,1414731,1415937,1.210000,0.000468,2420,-5.071081,7079.540000,12360.600000,3.656126,1202.173913
34,1415937,1426208,1427245,1.030000,0.000490,2121,-5.394789,7091.020000,12475.100000,5.286561,1173.122530
35,1427245,1437663,1438555,0.890000,0.000469,2892,-5.193615,7102.470000,12588.300000,4.529852,982.312253
36,1438555,1448197,1449445,1.240000,0.000495,1983,-5.568595,7113.010000,12692.500000,4.841897,1247.233202
37,1449445,1459602,1460656,1.050000,0.000473,2747,-5.351185,7124.410000,12806.500000,8.656126,1041.699605
38,1460656,1470381,1471241,0.860000,0.000426,5410,-4.796998,7135.190000,12916.700000,0.510540,1135.375494
39,1471241,1480929,1482049,1.120000,0.000437,4262,-4.978930,7145.740000,13022.100000,1.449275,1095.256917
40,1482049,1491879,1493013,1.130000,0.000404,6092,-4.605114,7156.690000,13130.900000,10.747694,762.549407
41,1493013,1502120,1502902,0.780000,0.000399,5514,-4.579540,7166.930000,13232.200000,3.041282,1288.735178
42,1514250,1595434,1596255,0.820000,0.000517,1537,-6.234279,7260.240000,13587.400000,-0.000000,1373.913043
43,1596255,1605181,1605910,0.730000,0.000428,4952,-5.154197,7269.990000,13684.800000,8.547431,1210.474308
44,1605910,1615767,1616477,0.710000,0.000448,5111,-5.474688,7280.580000,13790.300000,-0.000000,1292.391304
45,1616477,1626296,1627029,0.740000,0.000439,5363,-5.391865,7291.100000,13895.700000,-0.000000,1300.296443
46,1627029,1637331,1638027,0.700000,0.000422,6194,-5.205094,7302.140000,14005.800000,-0.000000,1141.996047
47,1638027,1647882,1648833,0.950000,0.000445,4166,-5.576294,7312.690000,14110.900000,0.287460,1180.434783
48,1648833,1658803,1659744,0.940000,0.000418,5667,-5.237400,7323.610000,14220.100000,5.220685,1133.498024
49,1659744,1669671,1670572,0.900000,0.000450,4464,-5.735946,7334.480000,14328.700000,-0.000000,1204.051383
50,1670572,1680701,1681514,0.810000,0.000492,2756,-6.390677,7345.510000,14438.600000,26.766798,802.964427
51,1681514,1690736,1691594,0.860000,0.000425,4675,-5.469182,7355.540000,14538.500000,2.702569,934.782609
52,1691594,1701310,1702061,0.750000,0.000480,2628,-6.322926,7366.120000,14644.400000,4.979139,1093.478261
53,1702061,1711974,1713040,1.070000,0.000460,3689,-6.078982,7376.780000,14750.600000,14.608037,1098.221344
54,1713040,1723066,1723959,0.900000,0.000437,5159,-5.782750,7387.870000,14861.300000,0.000000,1181.818182
55,1723959,1734330,1735251,0.920000,0.000436,5249,-5.822439,7399.140000,14974.000000,0.809042,1091.996047
56,1735251,1745322,1746119,0.800000,0.000443,4408,-5.977605,7410.130000,15083.600000,3.479301,944.071146
57,1746119,1755909,1756666,0.750000,0.000427,5065,-5.777401,7420.720000,15189.000000,0.874126,1115.711462
58,1756666,1766443,1767353,0.910000,0.000424,5556,-5.782894,7431.250000,15294.100000,17.032453,945.158103
59,1767353,1776987,1777862,0.870000,0.000439,4737,-6.056011,7441.800000,15399.400000,10.345090,1078.260870
60,1777862,1787642,1788679,1.040000,0.000451,4316,-6.283658,7452.450000,15505.600000,0.811879,596.442688
61,1788679,1797299,1798250,0.950000,0.000422,4104,-5.885911,7462.110000,15602.100000,-0.000000,1045.553360
62,1798250,1808470,1809067,0.600000,0.000470,2960,-6.679655,7473.280000,15713.500000,8.376406,1176.679842
63,1809067,1819100,1820060,0.960000,0.000420,6089,-5.939935,7483.910000,15819.600000,14.045737,876.482213
64,1820060,1829386,1830246,0.860000,0.000468,2795,-6.750932,7494.190000,15922.000000,0.657495,831.027668
65,1830246,1839825,1840699,0.880000,0.000444,4046,-6.407028,7504.630000,16026.000000,0.727632,667.786561
66,1840699,1849939,1850715,0.770000,0.000428,4510,-6.200565,7514.750000,16127.400000,7.788358,1160.375494
67,1850715,1860713,1861568,0.860000,0.000475,3500,-7.005467,7525.520000,16234.900000,-0.000000,1016.007905
68,1861568,1871369,1872261,0.890000,0.000429,5245,-6.315676,7536.180000,16341.200000,0.945793,1104.150198
69,1872261,1881935,1882999,1.070000,0.000459,3958,-6.848380,7546.740000,16446.400000,13.119042,1075.395257
70,1882999,1893122,1893919,0.800000,0.000448,5061,-6.714350,7557.930000,16558.300000,13.842462,666.897233
71,1893919,1902910,1903471,0.560000,0.000431,4290,-6.470653,7567.720000,16655.700000,17.714696,893.379447
72,1903471,1912837,1913586,0.740000,0.000440,4744,-6.668132,7577.650000,16755.000000,5.346948,950.889328
73,1913586,1923302,1924254,0.950000,0.000458,3589,-7.012102,7588.110000,16859.400000,-0.144606,510.276680
74,1924254,1932612,1933248,0.640000,0.000419,4471,-6.397273,7597.420000,16952.200000,0.416431,726.482213
75,1933248,1941862,1942653,0.790000,0.000435,4465,-6.718890,7606.670000,17044.600000,6.729769,865.415020
76,1942653,1951638,1952596,0.950000,0.000478,2985,-7.493115,7616.450000,17142.200000,10.090677,986.758893
77,1952596,1961945,1962808,0.870000,0.000484,3540,-7.636235,7626.750000,17245.000000,0.000000,540.019763
78,1962808,1971295,1971771,0.480000,0.000457,3163,-7.221996,7636.100000,17338.200000,5.401845,949.901186
79,1971771,1981328,1982053,0.720000,0.000436,5292,-6.897863,7646.140000,17438.200000,16.149450,577.173913
80,1982053,1990542,1991235,0.690000,0.000427,4176,-6.782150,7655.350000,17530.000000,0.000000,1167.490119
81,1991235,2001345,2002263,0.920000,0.000467,3980,-7.525094,7666.150000,17638.200000,14.271245,621.146245
82,2002263,2010834,2011549,0.720000,0.000439,3950,-7.084421,7675.640000,17732.600000,0.047259,917.292490
83,2011549,2020899,2021728,0.830000,0.000454,4654,-7.404847,7685.710000,17833.000000,3.673066,630.731225
84,2021728,2030481,2031188,0.710000,0.000435,4293,-7.097609,7695.290000,17928.700000,0.312045,926.482213
85,2031188,2040310,2041069,0.760000,0.000457,3941,-7.540244,7705.120000,18026.900000,14.393939,755.830040
86,2041069,2049841,2050684,0.840000,0.000467,3148,-7.769947,7714.650000,18121.800000,10.227273,735.968379
87,2050684,2059155,2059849,0.700000,0.000419,5531,-6.945115,7723.960000,18214.900000,18.023715,913.142292
88,2059849,2069288,2069783,0.490000,0.000443,5194,-7.416558,7734.100000,18316.100000,0.000000,1337.154150
89,2069783,2079787,2080695,0.900000,0.000464,4442,-7.851747,7744.600000,18420.600000,-0.000000,1124.703557
90,2080695,2090312,2091072,0.760000,0.000461,4461,-7.831192,7755.120000,18525.900000,0.338049,1007.509881
91,2091072,2100654,2101364,0.710000,0.000448,4869,-7.637787,7765.460000,18629.000000,17.130152,1083.794466
92,2101364,2110720,2111668,0.950000,0.000465,4570,-8.015719,7775.530000,18729.400000,3.883399,940.612648
93,2111668,2120763,2121517,0.760000,0.000466,3542,-8.065809,7785.570000,18829.600000,-0.472897,1139.624506
94,2121517,2131310,2131908,0.600000,0.000474,4086,-8.277302,7796.120000,18935.000000,-0.000000,1261.660079
95,2131908,2141504,2142472,0.970000,0.000454,4981,-7.937270,7806.310000,19036.700000,0.000000,957.509881
96,2142472,2151397,2151989,0.590000,0.000488,2387,-8.637629,7816.210000,19135.200000,-0.000000,1365.909091
97,2151989,2162117,2162762,0.640000,0.000458,4631,-8.111691,7826.930000,19242.000000,9.025033,1196.442688
98,2162762,2172325,2173427,1.110000,0.000459,4466,-8.170823,7837.130000,19343.700000,1.436607,1161.264822
99,2173427,2183144,2184046,0.900000,0.000452,4630,-8.090650,7847.950000,19452.000000,22.513175,827.667984
100,2184046,2192671,2193415,0.740000,0.000446,4488,-8.015233,7857.480000,19547.000000,0.325506,990.909091
101,2193415,2202641,2203294,0.650000,0.000469,4096,-8.508583,7867.450000,19646.500000,9.136081,695.948617
102,2203294,2211510,2212252,0.740000,0.000463,2911,-8.432417,7876.320000,19735.100000,5.555556,1048.616601
103,2212252,2221648,2222255,0.600000,0.000459,4872,-8.403861,7886.460000,19836.100000,6.274704,1085.276680
104,2222255,2231716,2232303,0.590000,0.000464,4966,-8.545418,7896.520000,19935.900000,16.106719,1313.537549
105,2232303,2241910,2242676,0.760000,0.000554,1899,-10.398511,7906.720000,20037.500000,1.630435,1164.328063
106,2242676,2251996,2252633,0.640000,0.000473,3815,-8.825365,7916.800000,20138.200000,9.782609,1292.588933
107,2252633,2262508,2263055,0.540000,0.000484,3440,-9.087747,7927.320000,20243.000000,0.444664,1515.118577
108,2263055,2273090,2273822,0.730000,0.000439,6849,-8.231265,7937.900000,20348.400000,22.063806,1682.312253
109,2273822,2283634,2284448,0.820000,0.000467,5391,-8.841845,7948.440000,20453.900000,13.103865,1082.015810
110,2284448,2293722,2294431,0.710000,0.000470,4049,-8.957932,7958.530000,20554.400000,11.744777,1175.790514
111,2294431,2303977,2304654,0.670000,0.000451,5149,-8.613546,7968.790000,20656.500000,0.000000,1292.391304
112,2304654,2314177,2314771,0.590000,0.000479,4447,-9.238507,7978.990000,20758.600000,9.881423,1613.043478
113,2314771,2324943,2325688,0.750000,0.000473,5446,-9.168604,7989.750000,20866.000000,0.000000,1698.913043
114,2325688,2336125,2336603,0.480000,0.000463,6037,-9.018706,8000.930000,20977.600000,0.790514,1652.173913
115,2336603,2346749,2347310,0.560000,0.000477,5081,-9.350179,8011.560000,21083.100000,22.371542,1849.308300
116,2347310,2357557,2358253,0.690000,0.000457,6888,-8.977411,8022.370000,21190.700000,17.028986,1530.731225
117,2358253,2367911,2368635,0.720000,0.000473,4935,-9.361689,8032.720000,21293.900000,4.314888,1484.782609
118,2368635,2378322,2379002,0.680000,0.000474,4580,-9.443421,8043.130000,21397.700000,-1.745718,1513.438735
119,2379002,2389193,2389779,0.590000,0.000471,4942,-9.435382,8054.000000,21506.200000,7.797341,1389.130435
120,2389779,2399394,2400250,0.860000,0.000459,5374,-9.222668,8064.200000,21608.100000,9.724967,1421.936759
121,2400250,2410309,2410802,0.490000,0.000470,4822,-9.514848,8075.120000,21717.000000,7.865613,1558.300395
122,2410802,2420299,2420961,0.660000,0.000493,3395,-10.050978,8085.110000,21816.800000,5.948617,1836.363636
123,2420961,2431294,2432054,0.760000,0.000467,6251,-9.533240,8096.100000,21926.300000,5.434783,2007.806324
124,2432054,2442659,2443357,0.700000,0.000474,6178,-9.738381,8107.470000,22039.900000,4.137846,1707.509881
125,2443357,2453322,2453814,0.490000,0.000467,5779,-9.649352,8118.130000,22146.500000,0.181159,1615.909091
126,2453814,2463899,2464630,0.730000,0.000481,5324,-10.005321,8128.710000,22251.700000,2.424749,1335.869565
127,2464630,2474202,2474842,0.640000,0.000504,3448,-10.556329,8139.010000,22354.400000,11.821775,1360.968379
128,2474842,2484326,2485110,0.790000,0.000452,6334,-9.454128,8149.130000,22455.500000,0.000000,1273.122530
129,2485110,2692116,2708162,16.050000,0.000536,2095,-11.396565,8356.920000,22307.700000,0.066405,1996.245059
130,2708162,2717757,2718253,0.490000,0.000470,6055,-9.901213,8382.570000,22563.400000,5.039526,1794.169960
131,2718253,2727790,2728241,0.450000,0.000450,7161,-9.492807,8392.600000,22662.400000,-0.000000,2354.446640
132,2728241,2738588,2738969,0.380000,0.000493,5771,-10.526257,8403.400000,22769.800000,0.790514,2238.932806
133,2738969,2749001,2749656,0.650000,0.000501,4973,-10.751921,8413.810000,22873.900000,3.112648,1871.640316
134,2749656,2759713,2760251,0.540000,0.000491,5079,-10.586442,8424.520000,22980.500000,5.006588,1335.671937
135,2760251,2768909,2769455,0.540000,0.000457,5711,-9.841371,8433.720000,23072.400000,-0.000000,1717.687747
136,2769455,2778891,2779383,0.490000,0.000469,5560,-10.171349,8443.700000,23171.800000,4.139218,1520.059289
137,2779383,2788814,2789307,0.500000,0.000450,7002,-9.775332,8453.620000,23270.500000,3.853755,1719.268775
138,2789307,2798596,2799193,0.600000,0.000484,4858,-10.622564,8463.400000,23368.200000,3.087945,1906.027668
139,2799193,2808943,2809520,0.580000,0.000477,6015,-10.486703,8473.750000,23471.400000,2.149209,1742.984190
140,2809520,2819308,2819898,0.590000,0.000452,6655,-9.954753,8484.120000,23575.200000,8.745059,1568.675889
141,2819898,2829390,2829932,0.540000,0.000484,5095,-10.770265,8494.200000,23675.600000,-0.000000,2148.122530
142,2829932,2839896,2840692,0.800000,0.000503,5252,-11.254449,8504.700000,23780.700000,-0.000000,1951.482213
143,2840692,2850434,2851025,0.590000,0.000504,4423,-11.344187,8515.240000,23885.300000,4.891304,1382.905138
144,2851025,2860468,2861021,0.550000,0.000465,6073,-10.445867,8525.280000,23985.700000,4.960474,1772.035573
145,2861021,2870338,2871163,0.820000,0.000446,7420,-10.054523,8535.150000,24083.900000,0.527009,2335.276680
146,2871163,2881493,2882184,0.690000,0.000642,1532,-14.826837,8546.300000,24195.200000,4.563421,1657.806324
147,2882184,2891523,2892134,0.610000,0.000469,5927,-10.706213,8556.330000,24295.200000,9.041502,1877.667984
148,2892134,2902033,2902747,0.720000,0.000456,7652,-10.439391,8566.840000,24400.400000,13.458498,1645.652174
149,2902747,2911719,2912450,0.730000,0.000496,4466,-11.449745,8576.530000,24497.000000,16.897233,1774.802372
150,2912450,2922115,2922769,0.660000,0.000489,5580,-11.332858,8586.920000,24600.700000,3.112648,1660.770751
151,2922769,2932362,2933092,0.730000,0.000486,5450,-11.314776,8597.170000,24703.200000,36.248353,1413.142292
152,2933092,2941834,2942516,0.680000,0.000465,5725,-10.839203,8606.640000,24797.300000,-0.000000,1286.264822
153,2942516,2951652,2952479,0.830000,0.000471,5541,-11.025489,8616.460000,24895.400000,2.020202,1581.818182
154,2952479,2962503,2963016,0.510000,0.000472,6702,-11.106180,8627.310000,25003.400000,8.830399,1715.217391
155,2963016,2972454,2973123,0.670000,0.000486,5199,-11.509685,8637.260000,25102.200000,0.719932,2072.826087
156,2973123,2983414,2983985,0.570000,0.000475,6738,-11.279963,8648.220000,25211.700000,7.037769,1816.996047
157,2983985,2993586,2994079,0.500000,0.000475,5923,-11.336422,8658.390000,25313.300000,6.000719,1413.636364
158,2994079,3003335,3003959,0.630000,0.000494,4418,-11.845401,8668.140000,25410.800000,2.655632,1623.715415
159,3003959,3013637,3014117,0.480000,0.000496,5146,-11.943216,8678.450000,25513.300000,-0.000000,1688.932806
160,3014117,3023723,3024469,0.750000,0.000472,6804,-11.383101,8688.530000,25614.000000,2.821695,1468.972332
161,3024469,3033716,3034371,0.660000,0.000484,5622,-11.740691,8698.520000,25713.700000,5.434783,1986.264822
162,3034371,3044174,3044666,0.490000,0.000511,4836,-12.495781,8708.980000,25818.100000,6.291173,1961.166008
163,3044666,3054617,3055114,0.490000,0.000508,5540,-12.480281,8719.430000,25922.400000,3.563900,1097.727273
164,3055114,3063581,3064111,0.530000,0.000484,5515,-11.883775,8728.390000,26011.600000,9.105025,1872.628458
165,3064111,3074086,3074629,0.550000,0.000496,6094,-12.241642,8738.890000,26116.700000,9.757905,1686.758893
166,3074629,3084539,3085085,0.540000,0.000493,5388,-12.230227,8749.350000,26220.700000,3.521380,1537.252964
167,3085085,3094304,3094827,0.530000,0.000480,5419,-11.939112,8759.110000,26317.100000,7.806324,1964.525692
168,3094827,3104651,3105288,0.640000,0.000512,4389,-12.816417,8769.460000,26420.600000,13.383838,1579.644269
169,3105288,3114680,3115238,0.560000,0.000472,5884,-11.825078,8779.490000,26520.400000,6.746317,1645.454545
170,3115238,3124510,3125257,0.750000,0.000472,5916,-11.878595,8789.320000,26618.800000,0.172925,1818.675889
171,3125257,3134442,3135103,0.660000,0.000488,4914,-12.332771,8799.250000,26717.600000,2.560935,1737.648221
172,3135103,3144595,3145134,0.540000,0.000474,6118,-12.025237,8809.400000,26819.000000,23.656126,1623.221344
173,3145134,3154467,3155227,0.760000,0.000495,4983,-12.620856,8819.280000,26917.300000,4.347826,1786.660079
174,3155227,3164996,3165538,0.550000,0.000516,4004,-13.239430,8829.800000,27022.400000,7.788358,1488.735178
175,3165538,3174344,3174942,0.600000,0.000483,4477,-12.403145,8839.150000,27116.000000,6.574947,1253.162055
176,3174942,3184124,3184566,0.440000,0.000478,5229,-12.314329,8848.930000,27213.600000,0.395257,1622.826087
177,3184566,3194731,3195257,0.530000,0.000499,5530,-12.937514,8859.540000,27318.700000,7.199322,2248.122530
178,3195257,3205601,3206247,0.650000,0.000601,2400,-15.780918,8870.410000,27427.500000,5.039526,1557.509881
179,3206247,3215321,3215928,0.610000,0.000480,5502,-12.526910,8880.130000,27524.800000,0.000000,2064.624506
180,3215928,3225801,3226362,0.560000,0.000488,6285,-12.786615,8890.610000,27628.900000,5.488681,1454.841897
181,3226362,3235154,3235528,0.380000,0.000481,4790,-12.642434,8899.960000,27722.100000,5.950812,1185.276680
182,3235528,3245314,3245742,0.430000,0.000487,5574,-12.859589,8910.120000,27823.600000,5.138340,1937.747036
183,3245742,3255493,3255934,0.440000,0.000486,6442,-12.884469,8920.300000,27925.400000,-0.000000,2051.877470
184,3255934,3265528,3266137,0.610000,0.000483,6279,-12.835082,8930.340000,28025.400000,0.135870,1634.486166
185,3266137,3275633,3276247,0.620000,0.000476,6906,-12.698511,8940.440000,28126.300000,-0.000000,2075.000000
186,3276247,3286391,3286996,0.600000,0.000488,6827,-13.072693,8951.200000,28231.900000,6.755300,1550.395257
187,3286996,3296305,3296817,0.520000,0.000496,5004,-13.364068,8961.110000,28330.300000,5.731225,1636.561265
188,3296817,3306336,3307031,0.700000,0.000486,6397,-13.133130,8971.140000,28430.500000,13.339921,1376.383399
189,3307031,3315918,3316449,0.530000,0.000471,6177,-12.747167,8980.730000,28525.900000,5.138340,2490.513834
190,3316449,3326622,3327264,0.640000,0.000584,2739,-16.003008,8991.430000,28632.600000,0.098814,1108.399209
191,3327264,3335777,3336241,0.460000,0.000488,3958,-13.326396,9000.590000,28723.300000,1.021080,1828.557312
192,3336241,3346317,3346890,0.570000,0.000527,4516,-14.489994,9011.130000,28828.100000,0.437606,1569.960474
193,3346890,3355770,3356228,0.460000,0.000508,4317,-13.996007,9020.580000,28922.200000,-0.000000,1647.529644
194,3356228,3366028,3366424,0.390000,0.000483,6258,-13.330543,9030.840000,29024.800000,0.296443,1918.873518
195,3366424,3376161,3376656,0.490000,0.000474,6888,-13.115549,9040.970000,29126.000000,6.126482,1840.909091
196,3376656,3386458,3387047,0.590000,0.000504,5140,-14.030250,9051.270000,29228.900000,0.370553,1693.774704
197,3387047,3396507,3397301,0.790000,0.000473,6868,-13.174807,9061.320000,29329.200000,6.192358,1378.063241
198,3397301,3404161,3407246,3.080000,0.000479,5824,-13.393743,9068.970000,29404.900000,5.071541,1860.869565
199,3407246,3417455,3417860,0.410000,0.000482,6493,-13.539140,9082.260000,29538.000000,5.088933,1238.833992
200,3417860,3426674,3427247,0.580000,0.000479,5349,-13.488549,9091.480000,29629.200000,0.975791,1796.245059
201,3427247,3436912,3437467,0.560000,0.000495,5792,-14.013914,9101.720000,29731.300000,6.324111,1753.359684
202,3437467,3447016,3447552,0.540000,0.000514,4729,-14.645833,9111.820000,29832.200000,4.456522,1333.399209
203,3447552,3456892,3457641,0.750000,0.000495,5659,-14.118257,9121.700000,29930.700000,6.027668,1733.201581
204,3457641,3467139,3467687,0.550000,0.000519,4573,-14.874770,9131.950000,30033.000000,5.895916,1078.656126
205,3467687,3476767,3477249,0.480000,0.000474,6004,-13.595474,9141.580000,30129.100000,5.830040,1972.924901
206,3477249,3487112,3487617,0.510000,0.000493,5955,-14.203289,9151.920000,30232.400000,1.105778,992.391304
207,3487617,3495805,3496336,0.530000,0.000470,4348,-13.563903,9160.610000,30319.000000,5.717109,1389.130435
208,3496336,3505734,3506405,0.670000,0.000480,6665,-13.893020,9170.540000,30418.100000,5.395257,1603.853755
209,3506405,3515720,3516226,0.500000,0.000506,4809,-14.747253,9180.530000,30517.600000,7.015810,2037.450593
210,3516226,3525986,3526775,0.790000,0.000573,2983,-16.846671,9190.790000,30620.200000,6.818182,1139.822134
211,3526775,3535347,3535842,0.490000,0.000472,6041,-13.787928,9200.160000,30713.600000,4.813665,1428.162055
212,3535842,3545651,3545975,0.320000,0.000491,5781,-14.416245,9210.460000,30815.700000,0.000000,1995.553360
213,3545975,3555969,3556482,0.510000,0.000497,6201,-14.682235,9220.780000,30918.500000,3.109354,1387.252964
214,3556482,3564623,3565567,0.950000,0.000476,5695,-14.080349,9229.430000,31004.700000,2.091568,1709.584980
215,3565567,3574543,3575598,1.060000,0.000533,3638,-15.877166,9239.350000,31103.800000,3.546333,1730.533597
216,3575598,3585052,3585603,0.550000,0.000515,4615,-15.379243,9249.860000,31208.800000,6.897233,1605.237154
217,3585603,3594566,3595164,0.600000,0.000506,4612,-15.155908,9259.370000,31303.700000,2.964427,1489.426877
218,3595164,3604813,3605147,0.340000,0.000489,6050,-14.671188,9269.620000,31406.100000,5.945323,1955.039526
219,3605147,3615007,3615562,0.550000,0.000514,5051,-15.484869,9279.820000,31507.900000,6.077075,1771.343874
220,3615562,3624584,3625198,0.620000,0.000485,6526,-14.635748,9289.390000,31603.500000,5.731225,1901.185771
221,3625198,3634898,3635359,0.460000,0.000488,6523,-14.768760,9299.710000,31706.400000,-0.000000,2117.885375
222,3635359,3645334,3645973,0.640000,0.000655,1449,-20.134565,9310.140000,31810.700000,4.163373,1374.703557
223,3645973,3654606,3655082,0.480000,0.000509,3922,-15.554694,9319.410000,31903.200000,0.000000,2135.375494
224,3655082,3665117,3665606,0.480000,0.000513,6134,-15.721237,9329.930000,32008.000000,0.000000,1696.047431
225,3665606,3674745,3675270,0.530000,0.000511,4609,-15.702225,9339.550000,32104.000000,9.836507,1161.067194
226,3675270,3684528,3685011,0.480000,0.000557,2852,-17.223452,9349.340000,32201.800000,1.235178,1974.308300
227,3685011,3694504,3695122,0.620000,0.000485,7199,-14.985140,9359.310000,32301.300000,6.211180,1734.288538
228,3695122,3703338,3704995,1.650000,0.000513,5056,-15.933352,9368.150000,32389.300000,3.730237,1054.347826
229,3704995,3713772,3714175,0.400000,0.000476,6793,-14.775639,9378.580000,32493.200000,4.567413,1829.051383
230,3714175,3723457,3723906,0.440000,0.000532,4042,-16.627063,9388.270000,32589.900000,0.120773,1896.245059
231,3723906,3733501,3733971,0.470000,0.000504,6131,-15.786766,9398.310000,32690.300000,1.043039,1838.043478
232,3733971,3743087,3743539,0.450000,0.000492,5652,-15.441785,9407.900000,32785.600000,0.000000,1980.335968
233,3743539,3753480,3753833,0.350000,0.000496,6684,-15.618606,9418.290000,32889.400000,3.767292,1817.588933
234,3753833,3762754,3763240,0.490000,0.000495,6063,-15.642001,9427.560000,32982.000000,0.614844,1747.332016
235,3763240,3772641,3773123,0.480000,0.000501,5931,-15.884757,9437.450000,33080.600000,2.202146,2117.490119
236,3773123,3782350,3783002,0.650000,0.000492,7011,-15.623023,9447.160000,33177.800000,2.552701,1578.656126
237,3783002,3792943,3793368,0.430000,0.000495,7198,-15.771262,9457.750000,33283.000000,-0.000000,2168.280632
238,3793368,3802631,3803129,0.500000,0.000521,5850,-16.708654,9467.440000,33379.000000,1.322590,1081.719368
239,3803129,3812467,3812945,0.470000,0.000535,4079,-17.195969,9477.280000,33477.300000,6.389987,2066.600791
240,3812945,3822720,3823242,0.520000,0.000517,5974,-16.663114,9487.530000,33579.500000,0.000000,1915.612648
241,3823242,3832812,3833264,0.450000,0.000497,6929,-16.046323,9497.620000,33680.300000,4.277244,1759.881423
242,3833264,3842752,3843377,0.630000,0.000570,2909,-18.541551,9507.560000,33779.300000,2.393500,1650.494071
243,3843377,3852629,3853137,0.510000,0.000513,4837,-16.667411,9517.440000,33878.100000,3.754941,1830.928854
244,3853137,3862308,3862787,0.480000,0.000510,5545,-16.644551,9527.120000,33974.600000,1.363636,1056.818182
245,3862787,3871351,3871886,0.530000,0.000520,4421,-17.002312,9536.160000,34065.000000,8.695652,2156.027668
246,3871886,3881592,3882156,0.560000,0.000550,4419,-18.077407,9546.400000,34167.000000,11.227767,1561.166008
247,3882156,3891399,3891928,0.530000,0.000511,6064,-16.800384,9556.210000,34264.100000,0.098814,2033.893281
248,3891928,3900898,3901651,0.750000,0.000516,6257,-17.044310,9565.710000,34359.200000,3.640524,818.774704
249,3901651,3910103,3910556,0.450000,0.000544,3164,-18.039364,9574.910000,34450.900000,4.413702,1688.932806
250,3910556,3919676,3920184,0.510000,0.000531,5015,-17.660715,9584.480000,34546.500000,1.482213,1741.304348
251,3920184,3929860,3930373,0.510000,0.000503,6921,-16.713577,9594.670000,34646.200000,1.185771,1500.889328
252,3930373,3938724,3939216,0.490000,0.000499,5966,-16.650017,9603.530000,34735.000000,7.312253,1650.691700
253,3939216,3948551,3949034,0.480000,0.000525,4332,-17.592024,9613.360000,34832.500000,2.470356,1157.114625
254,3949034,3957797,3958399,0.600000,0.000535,3953,-17.991201,9622.610000,34923.500000,5.187747,1826.778656
255,3958399,3968133,3968466,0.330000,0.000502,6610,-16.896783,9632.940000,35025.800000,0.000000,1559.288538
256,3968466,3977786,3978283,0.500000,0.000540,4267,-18.279960,9642.590000,35121.300000,4.940711,2163.932806
257,3978283,3988004,3988548,0.550000,0.000516,5852,-17.476262,9652.810000,35223.300000,0.830040,1197.529644
258,3988548,3996766,3996991,0.230000,0.000522,4269,-17.748190,9661.570000,35310.200000,3.090190,1769.071146
259,3996991,4006804,4007240,0.440000,0.000542,4149,-18.487537,9671.610000,35410.500000,8.580369,1614.031621
260,4007240,4016992,4017257,0.270000,0.000536,4793,-18.318896,9681.800000,35511.900000,5.434783,2041.205534
261,4017257,4026976,4027416,0.440000,0.000556,3958,-19.092882,9691.780000,35611.600000,5.212451,1178.260870
262,4027416,4033813,4036326,2.510000,0.000532,3695,-18.310175,9698.620000,35679.600000,5.202740,1803.656126
263,4036326,4045964,4046396,0.430000,0.000521,5023,-17.939385,9710.770000,35800.800000,5.187747,1192.193676
264,4046396,4055485,4055887,0.410000,0.000545,3824,-18.876763,9720.290000,35895.600000,8.399209,1824.505929
265,4055887,4065316,4065595,0.280000,0.000614,2019,-21.395102,9730.120000,35993.600000,5.434783,1432.806324
266,4065595,4075003,4075577,0.580000,0.000538,4550,-18.709049,9739.810000,36090.300000,4.780138,1260.869565
267,4075577,4084337,4084559,0.220000,0.000496,6318,-17.257279,9749.150000,36183.500000,4.051383,1859.881423
268,4084559,4094340,4094814,0.470000,0.000546,4356,-19.107618,9759.150000,36282.900000,6.340580,1464.229249
269,4225622,4264334,4264663,0.330000,0.000526,20543,-18.863355,9929.140000,37370.400000,0.494071,2701.581028
270,4264663,4273527,4273982,0.450000,0.000504,6180,-18.170632,9938.340000,37462.200000,2.865613,2128.754941
271,4283860,4293430,4293972,0.540000,0.000587,3220,-21.403813,9958.240000,37660.700000,0.059289,2384.980237
272,4293972,4303376,4303868,0.500000,0.000538,5128,-19.632679,9968.180000,37760.100000,0.000000,1659.980237
273,4303868,4313029,4313376,0.340000,0.000516,6281,-18.839975,9977.840000,37856.100000,4.150198,2020.256917
274,4313376,4322976,4323420,0.450000,0.000549,4686,-20.153493,9987.780000,37955.300000,7.199322,1878.754941
275,4323420,4332976,4333367,0.400000,0.000506,6695,-18.558111,9997.780000,38055.400000,0.450154,1361.561265
276,4333367,4342503,4342906,0.400000,0.000504,6450,-18.517347,10007.300000,38150.800000,13.257576,2087.351779
277,4342906,4352460,4352900,0.400000,0.000567,3294,-20.991399,10017.300000,38249.600000,6.027668,2292.984190
278,4352900,4362776,4363181,0.400000,0.000540,5302,-20.010070,10027.600000,38352.900000,-1.976285,1629.644269
279,4363181,4371949,4372187,0.200000,0.000498,5611,-18.443273,10036.800000,38444.400000,7.954545,2073.221344
280,4372187,4382392,4382618,0.200000,0.000583,3788,-21.782325,10047.200000,38548.500000,0.000000,2207.707510
281,4382618,4392108,4392551,0.500000,0.000511,6380,-19.048508,10056.900000,38645.300000,-0.375494,1915.118577
282,4392551,4402207,4402572,0.400000,0.000719,1195,-27.141881,10067.000000,38746.300000,-0.494071,2137.944664
283,4402572,4412009,4412266,0.300000,0.000556,3645,-20.900415,10076.800000,38844.200000,7.806324,1840.316206
284,4412266,4422151,4422374,0.200000,0.000539,4927,-20.282686,10087.000000,38945.400000,1.449275,2149.703557
285,4422374,4432209,4432608,0.400000,0.000514,6548,-19.373106,10097.000000,39045.800000,11.676548,1884.288538
286,4432608,4441517,4442190,0.700000,0.000520,5363,-19.637533,10106.300000,39138.600000,6.342077,1510.079051
287,4442190,4450547,4450967,0.400000,0.000527,3952,-19.979308,10115.400000,39228.800000,3.033597,1882.312253
288,4450967,4459832,4460321,0.500000,0.000571,2849,-21.756768,10124.600000,39321.900000,4.759552,1769.960474
289,4460321,4469664,4470107,0.400000,0.000552,3837,-21.050366,10134.500000,39419.800000,2.470356,1643.280632
290,4470107,4478705,4479012,0.300000,0.000547,3960,-20.902921,10143.500000,39509.800000,9.740260,1431.521739
291,4479012,4488716,4489059,0.400000,0.000524,6203,-20.053822,10153.500000,39609.800000,5.505364,1997.430830
292,4489059,4498475,4498911,0.400000,0.000532,5582,-20.420051,10163.300000,39707.400000,15.991436,1842.193676
293,4498911,4508356,4508900,0.500000,0.000536,5230,-20.625860,10173.200000,39806.100000,-0.000000,2219.466403
294,4508900,4518925,4519281,0.400000,0.000697,1290,-27.108581,10183.700000,39911.300000,-0.276680,1977.964427
295,4519281,4528337,4528809,0.500000,0.000527,5224,-20.388943,10193.100000,40005.400000,4.804842,1517.687747
296,4528809,4537480,4538162,0.700000,0.000567,3099,-22.024113,10202.300000,40096.400000,2.865613,2177.865613
297,4538162,4547893,4548281,0.400000,0.000597,2847,-23.311743,10212.700000,40200.300000,5.913652,1179.446640
298,4548281,4556726,4557244,0.600000,0.000523,4870,-20.380706,10221.500000,40288.600000,5.615942,2328.754941
299,4557244,4567175,4567610,0.400000,0.000559,4377,-21.875188,10232.000000,40392.900000,4.990119,1255.434783
300,4567610,4576034,4576543,0.600000,0.000513,5618,-20.053206,10240.800000,40481.100000,7.345191,2275.790514
301,4576543,4586315,4586677,0.400000,0.000647,1687,-25.549261,10251.100000,40583.800000,2.004517,1410.573123
302,4586677,4595975,4596465,0.500000,0.000604,1996,-23.879394,10260.800000,40680.100000,3.969038,1991.304348
303,4596465,4605489,4606000,0.500000,0.000513,6333,-20.206871,10270.300000,40775.300000,3.804348,1716.501976
304,4606000,4614803,4615300,0.500000,0.000611,2096,-24.254363,10279.600000,40868.500000,13.796937,1876.581028
305,4615300,4624335,4624851,0.600000,0.000546,4193,-21.676938,10289.100000,40963.500000,5.731225,1990.810277
306,4624851,4634202,4634743,0.600000,0.000627,2309,-25.032957,10299.000000,41061.800000,6.225296,1991.403162
307,4634743,4643841,4644360,0.600000,0.000602,2336,-24.072475,10308.600000,41158.000000,6.027668,1680.138340
308,4644360,4653345,4653736,0.300000,0.000663,1377,-26.650480,10318.200000,41253.100000,4.545455,1364.822134
309,4653736,4662840,4663331,0.500000,0.000538,4956,-21.548768,10327.600000,41347.400000,6.274704,2565.415020
310,4663331,4673994,4674391,0.400000,0.000534,6766,-21.423460,10338.800000,41459.100000,-0.000000,1694.664032
311,4674391,4683349,4683814,0.400000,0.000610,2266,-24.635723,10348.200000,41552.200000,5.731225,1978.162055
312,4683814,4693109,4693645,0.600000,0.000633,1981,-25.667858,10357.900000,41649.600000,5.484190,1710.968379
313,4693645,4702350,4702877,0.500000,0.000546,4554,-22.097967,10367.200000,41742.100000,7.791122,910.770751
314,4702877,4711344,4711743,0.400000,0.000546,4010,-22.145146,10376.200000,41831.800000,6.016689,1952.569170
315,4711743,4721318,4721708,0.400000,0.000620,2461,-25.298936,10386.100000,41931.500000,5.681818,1956.719368
316,4721708,4731325,4731756,0.500000,0.000649,1963,-26.590119,10396.100000,42031.200000,-0.000000,1833.794466
317,4731756,4740802,4741244,0.500000,0.000713,1092,-29.342812,10405.600000,42125.700000,6.324111,1723.122530
318,4741244,4750391,4750851,0.500000,0.000611,2374,-25.093548,10415.200000,42221.400000,6.472332,1535.177866
319,4750851,4760002,4760381,0.400000,0.000623,1709,-25.653877,10424.800000,42317.200000,5.928854,1433.399209
320,4760381,4769515,4770046,0.600000,0.000583,3327,-24.041271,10434.300000,42412.400000,4.755435,1404.150198
321,4770046,4778902,4779305,0.400000,0.000532,5160,-21.934963,10443.700000,42505.900000,1.007905,1601.976285
322,4779305,4788898,4789375,0.500000,0.000624,2348,-25.867815,10453.700000,42605.700000,-0.000000,1790.217391
323,4789375,4798359,4798804,0.400000,0.000604,2127,-25.074536,10463.200000,42700.400000,5.604178,1473.122530
324,4798804,4807950,4808396,0.400000,0.000517,6703,-21.418564,10472.800000,42796.000000,2.157444,1991.403162
325,4808396,4817346,4817944,0.600000,0.000653,2018,-27.283164,10482.200000,42890.000000,0.351339,1212.351779
326,4817944,4827140,4827649,0.600000,0.000650,1816,-27.238695,10491.900000,42987.700000,4.644269,2033.992095
327,4827649,4837019,4837343,0.400000,0.000704,1477,-29.633046,10501.800000,43086.100000,-0.000000,1184.189723
328,4837343,4845919,4846348,0.500000,0.000537,5302,-22.477349,10510.700000,43174.700000,5.039526,1741.106719
329,4846348,4855323,4855922,0.600000,0.000540,4853,-22.650976,10520.100000,43268.800000,4.940711,1983.695652
330,4855922,4865491,4865969,0.500000,0.000706,1290,-29.888570,10530.300000,43370.200000,-0.000000,1991.501976
331,4865969,4875345,4875749,0.400000,0.000710,1232,-30.141136,10540.200000,43468.700000,-0.000000,1020.849802
332,4875749,4884659,4885048,0.400000,0.000686,1085,-29.167176,10549.500000,43561.700000,6.027668,2075.296443
333,4885048,4894492,4895005,0.500000,0.000720,1150,-30.713583,10559.300000,43660.000000,-0.098814,1579.940711
334,4895005,4903909,4904547,0.700000,0.000556,4809,-23.627350,10568.700000,43753.700000,1.301054,1670.454545
335,4904547,4913805,4914232,0.400000,0.000655,1672,-28.019367,10578.600000,43852.700000,3.260870,2344.466403
336,4914232,4924492,4925029,0.500000,0.000545,6610,-23.236904,10589.300000,43959.100000,0.000000,1321.739130
337,4925029,4933976,4934416,0.400000,0.000606,2633,-26.005463,10598.800000,44053.600000,0.335968,1887.747036
338,4934416,4943639,4944053,0.500000,0.000648,1563,-27.888681,10608.400000,44150.100000,6.225296,1762.648221
339,4944053,4952995,4953525,0.500000,0.000639,1745,-27.548592,10617.800000,44243.500000,0.959910,1592.094862
340,4953525,4962458,4962812,0.300000,0.000574,3670,-24.748162,10627.300000,44337.800000,1.006109,1772.430830
341,4962812,4971703,4972244,0.600000,0.000546,4264,-23.546640,10636.500000,44430.200000,5.895916,1106.027668
342,4972244,4980944,4981409,0.400000,0.000522,5565,-22.546854,10645.800000,44522.500000,2.272727,2079.940711
343,4981409,4991066,4991494,0.400000,0.000630,2462,-27.398457,10655.900000,44623.400000,0.922266,1801.383399
344,4991494,5000891,5001345,0.500000,0.000581,3711,-25.271465,10665.700000,44721.800000,5.731225,1407.509881
345,5001345,5010613,5011073,0.500000,0.000545,5137,-23.741732,10675.400000,44818.600000,2.103331,1735.671937
346,5011073,5020017,5020281,0.300000,0.000590,2881,-25.799065,10684.800000,44912.700000,4.117260,1557.707510
347,5020281,5029197,5029595,0.400000,0.000552,4737,-24.138582,10694.000000,45004.100000,5.660644,1330.928854
348,5029595,5038686,5039055,0.400000,0.000596,2921,-26.177722,10703.500000,45098.700000,4.668972,2175.494071
349,5039055,5049352,5049597,0.200000,0.000677,1836,-29.877794,10714.200000,45205.200000,-0.642292,1892.391304
350,5049597,5059038,5059273,0.300000,0.000677,1274,-29.949171,10723.800000,45301.900000,5.401845,1830.039526
351,5059273,5068814,5069102,0.300000,0.000594,3174,-26.271692,10733.600000,45399.400000,3.980802,1453.853755
352,5069102,5078107,5078474,0.400000,0.000632,2105,-28.028933,10742.900000,45492.100000,0.217391,2446.936759
353,5078474,5088447,5088882,0.400000,0.000675,1704,-30.049136,10753.300000,45595.300000,0.543478,2258.003953
354,5088882,5098465,5098799,0.300000,0.000701,1291,-31.314956,10763.300000,45695.500000,0.000000,1620.849802
355,5098799,5108345,5108685,0.300000,0.000543,5385,-24.171237,10773.200000,45794.200000,2.498588,1652.964427
356,5108685,5117827,5118121,0.300000,0.000530,6125,-23.608038,10782.600000,45888.500000,4.288538,1719.367589
357,5118121,5126767,5127303,0.500000,0.000538,5042,-24.018063,10791.600000,45977.700000,6.466842,1748.616601
358,5127303,5136660,5137105,0.400000,0.000634,1881,-28.529972,10801.500000,46076.700000,3.527668,1568.774704
359,5137105,5145336,5145728,0.400000,0.000540,4570,-24.233516,10810.100000,46163.300000,8.717611,1841.996047
360,5145728,5154669,5155242,0.600000,0.000556,4752,-25.014884,10819.500000,46256.400000,-0.000000,2030.632411
361,5155242,5164804,5165165,0.400000,0.000574,4111,-25.925561,10829.600000,46357.200000,1.225296,1910.474308
362,5165165,5174882,5175269,0.400000,0.000672,1543,-30.517525,10839.700000,46457.900000,-0.000000,2374.901186
363,5175269,5184703,5185365,0.700000,0.000547,5803,-24.772112,10849.500000,46555.900000,5.039526,2078.063241
364,5185365,5194655,5195094,0.400000,0.000666,1600,-30.377414,10859.500000,46655.400000,0.830040,1887.845850
365,5195094,5204622,5205068,0.500000,0.000586,4056,-26.706739,10869.400000,46754.900000,0.000000,1937.648221
366,5205068,5214333,5215015,0.700000,0.000580,3928,-26.475619,10879.100000,46851.800000,5.731225,1924.110672
367,5215015,5224458,5224906,0.400000,0.000590,4128,-27.021285,10889.300000,46952.600000,0.000000,1856.521739
368,5224906,5234146,5234622,0.400000,0.000621,2077,-28.535529,10899.000000,47049.500000,5.599473,2030.830040
369,5234622,5243899,5244282,0.400000,0.000564,4597,-25.897900,10908.700000,47146.800000,5.879447,2020.652174
370,5244282,5253534,5253840,0.300000,0.000646,1689,-29.828530,10918.300000,47242.900000,6.324111,1852.569170
371,5253840,5262329,5262910,0.600000,0.000631,2012,-29.140367,10927.100000,47330.700000,5.830040,1001.185771
372,5262910,5271817,5272381,0.600000,0.000591,3129,-27.338062,10936.600000,47425.300000,3.310277,2514.328063
373,5272381,5282004,5282348,0.400000,0.000708,1292,-32.939352,10946.800000,47526.900000,-0.000000,1851.581028
374,5282348,5291069,5291521,0.400000,0.000610,2539,-28.344414,10955.900000,47617.500000,5.717109,1399.604743
375,5291521,5300808,5301244,0.500000,0.000674,1646,-31.432220,10965.600000,47714.900000,3.675889,1949.604743
376,5301244,5310169,5310610,0.400000,0.000675,1528,-31.548603,10975.000000,47808.200000,5.928854,2153.359684
377,5310610,5320005,5320510,0.500000,0.000720,1066,-33.778907,10984.800000,47906.500000,0.518775,2010.375494
378,5320510,5330049,5330515,0.400000,0.000698,1436,-32.820888,10994.900000,48006.600000,1.324111,2454.644269
379,5330515,5340125,5340557,0.500000,0.000633,2606,-29.734717,11004.900000,48107.500000,-0.000000,1724.505929
380,5340557,5350115,5350254,0.200000,0.000633,2529,-29.817620,11014.900000,48206.700000,4.980237,2457.905138
381,5350254,5359317,5359753,0.500000,0.000568,4967,-26.721741,11024.100000,48299.000000,0.000000,1079.940711
382,5359753,5368759,5369250,0.500000,0.000597,3414,-28.167552,11033.600000,48393.000000,5.237154,2423.814229
383,5369250,5378498,5378986,0.500000,0.000687,1970,-32.607519,11043.300000,48490.300000,-0.000000,2329.841897
384,5378986,5388204,5388777,0.600000,0.000649,2222,-30.826182,11053.000000,48587.100000,-0.000000,1634.980237
385,5388777,5397947,5398238,0.200000,0.000554,5412,-26.269489,11062.800000,48684.500000,1.696311,2076.976285
386,5398238,5407673,5408022,0.300000,0.000566,4831,-26.891349,11072.500000,48781.700000,5.717109,1775.790514
387,5408022,5416531,5417091,0.600000,0.000584,3612,-27.828558,11081.300000,48870.000000,14.696371,1090.217391
388,5417091,5425830,5426265,0.500000,0.000613,2413,-29.315173,11090.600000,48962.700000,5.731225,2108.003953
389,5426265,5435478,5435999,0.500000,0.000672,1820,-32.255130,11100.300000,49059.100000,4.018445,1572.529644
390,5435999,5444489,5444941,0.400000,0.000594,2962,-28.516745,11109.300000,49149.200000,2.437418,1727.272727
391,5444941,5452977,5453421,0.400000,0.000583,3210,-28.010624,11117.800000,49233.900000,2.840909,984.782609
392,5453421,5462179,5462559,0.400000,0.000561,4738,-26.984551,11127.000000,49325.700000,6.324111,2569.367589
393,5462559,5472054,5472593,0.500000,0.000693,1599,-33.562671,11136.900000,49424.100000,0.000000,1746.442688
394,5472593,5481647,5481975,0.300000,0.000634,2499,-30.674644,11146.500000,49520.000000,3.438735,2196.739130
395,5481975,5491099,5491687,0.600000,0.000684,1829,-33.210516,11155.900000,49614.200000,13.869925,1145.256917
396,5491687,5500344,5500687,0.300000,0.000614,2054,-29.833098,11165.200000,49706.700000,3.043478,2360.770751
397,5500687,5509667,5510157,0.500000,0.000565,5164,-27.420690,11174.500000,49799.800000,-0.061759,1689.624506
398,5510157,5519363,5519839,0.400000,0.000685,1595,-33.462270,11184.200000,49896.400000,0.000000,2469.071146
399,5519839,5529182,5529687,0.500000,0.000702,1378,-34.361771,11194.000000,49994.500000,0.000000,1867.094862
400,5529687,5538812,5539290,0.500000,0.000652,2362,-31.929254,11203.600000,50090.700000,5.830040,2422.233202
401,5539290,5548547,5549166,0.600000,0.000675,1911,-33.170182,11213.400000,50187.700000,0.745598,1566.897233
402,5549166,5557626,5558266,0.700000,0.000574,3850,-28.153397,11222.400000,50278.400000,6.340580,1616.798419
403,5558266,5567154,5567538,0.300000,0.000586,3948,-28.842381,11232.000000,50373.500000,7.439300,2206.916996
404,5567538,5576669,5577002,0.300000,0.000622,2544,-30.671190,11241.500000,50468.400000,3.969038,1821.245059
405,5577002,5585824,5586254,0.500000,0.000638,2209,-31.531882,11250.600000,50559.900000,5.055995,1939.426877
406,5586254,5595346,5595935,0.500000,0.000737,1086,-36.600033,11260.200000,50655.000000,6.027668,2155.731225
407,5595935,5605326,5605762,0.500000,0.000678,2001,-33.703118,11270.100000,50754.400000,6.126482,1791.106719
408,5605762,5614981,5615463,0.500000,0.000614,3374,-30.519508,11279.800000,50850.600000,6.422925,2619.169960
409,5615463,5624732,5625218,0.500000,0.000677,1718,-33.764520,11289.500000,50948.000000,-1.086957,1948.814229
410,5625218,5634515,5634876,0.400000,0.000562,5769,-27.994699,11299.300000,51045.900000,-0.000000,2765.316206
411,5634876,5644546,5645045,0.500000,0.000639,2894,-31.960562,11309.400000,51145.100000,0.000000,2511.956522
412,5645045,5654331,5654742,0.500000,0.000771,958,-38.799743,11319.100000,51243.000000,-0.321146,2386.561265
413,5654742,5664111,5664326,0.200000,0.000634,2729,-31.841203,11328.900000,51340.700000,0.000000,2073.913043
414,5664326,5674021,5674339,0.300000,0.000605,3902,-30.390927,11338.800000,51439.400000,-0.000000,2440.810277
415,5674339,5683850,5684249,0.400000,0.000651,2496,-32.823438,11348.700000,51537.700000,-1.828063,2263.241107
416,5684249,5692954,5693468,0.500000,0.000658,1869,-33.242672,11357.800000,51628.300000,5.928854,2071.146245
417,5693468,5702815,5703017,0.200000,0.000669,2183,-33.894242,11367.600000,51726.800000,-2.826087,2129.841897
418,5703017,5712642,5713099,0.400000,0.000574,5213,-29.051703,11377.500000,51825.000000,-0.000000,2296.442688
