Event,StartRow,FailRow,EndRow,SlipDuration,Stiffness,NptsStiffness,StiffnessIntercept,FailTime,FailDisplacement,50_Mean_Velocity,Peak_Velocity
0,1377020,1378458,1380778,2.320000,0.000189,1135,-1.718122,4610.840000,12786.300000,9.731885,14.723320
1,1380778,1382980,1385071,2.090000,0.000125,1527,-0.907620,4615.360000,12831.400000,9.064710,15.810277
2,1385071,1387884,1389947,2.070000,0.000086,2813,-0.421027,4620.260000,12880.300000,8.249577,15.415020
3,1389947,1392036,1394573,2.540000,0.000142,1895,-1.135758,4624.410000,12921.700000,9.182093,16.007905
4,1394573,1397361,1399898,2.540000,0.000124,2647,-0.921653,4629.740000,12974.900000,8.632449,15.711462
5,1399898,1401598,1404311,2.710000,0.000122,1691,-0.897942,4633.980000,13017.200000,9.436163,15.415020
6,1404311,1406535,1409013,2.480000,0.000108,2224,-0.722210,4638.910000,13066.400000,8.921116,15.415020
7,1409013,1411943,1414845,2.900000,0.000141,1910,-1.158019,4644.320000,13120.000000,8.302142,16.501976
8,1414845,1416403,1418772,2.370000,0.000255,1050,-2.663846,4648.780000,13164.500000,8.858098,16.007905
9,1418772,1421985,1423847,1.870000,0.000118,3213,-0.863257,4654.360000,13218.800000,8.581220,16.304348
10,1423847,1426466,1428424,1.960000,0.000209,2401,-2.084253,4658.840000,13263.200000,8.195394,16.600791
11,1428424,1431147,1433012,1.860000,0.000172,2667,-1.595539,4663.530000,13310.000000,8.785638,20.553360
12,1433012,1435661,1437455,1.790000,0.000161,2649,-1.463277,4668.040000,13353.900000,8.328162,15.415020
13,1437455,1440141,1442115,1.970000,0.000204,2613,-2.033555,4672.520000,13398.400000,8.107599,20.553360
14,1442115,1444341,1446701,2.360000,0.000177,2010,-1.692781,4676.720000,13440.400000,8.849125,15.415020
15,1446701,1448238,1451068,2.830000,0.000160,1380,-1.459423,4680.620000,13479.200000,8.771336,18.280632
16,1451068,1453272,1456996,3.720000,0.000088,2204,-0.494301,4685.650000,13529.500000,8.943983,16.996047
17,1456996,1459153,1461011,1.860000,0.000223,2157,-2.343588,4691.530000,13588.000000,7.559000,16.007905
18,1461011,1464268,1465861,1.590000,0.000133,3257,-1.125070,4696.650000,13638.300000,8.270697,16.798419
19,1465861,1468638,1470616,1.970000,0.000225,2329,-2.384440,4701.020000,13681.400000,8.051218,16.600791
20,1470616,1472904,1474841,1.940000,0.000205,2236,-2.116517,4705.280000,13723.800000,8.103027,14.723320
21,1474841,1477259,1479470,2.210000,0.000161,2418,-1.530812,4709.640000,13767.300000,8.505289,16.600791
22,1541693,1565735,1567681,1.950000,0.000024,53,0.335174,4798.110000,13947.400000,-0.000000,393.379447
23,1567681,1569010,1570785,1.770000,0.001771,65,-24.047213,4801.390000,13979.900000,8.763403,52.667984
24,1570785,1572888,1574683,1.790000,0.000247,2103,-2.763953,4805.270000,14019.000000,8.667240,47.529644
25,1574683,1576760,1578695,1.930000,0.000212,1965,-2.294566,4809.140000,14058.000000,7.958576,43.083004
26,1578695,1580907,1582701,1.790000,0.000135,1965,-1.206222,4813.290000,14099.600000,9.287591,40.217391
27,1582701,1585739,1586682,0.940000,0.000154,2949,-1.491828,4818.120000,14147.600000,9.250046,35.770751
28,1586682,1589288,1591693,2.400000,0.000191,2606,-2.016104,4821.670000,14182.900000,8.205361,44.169960
29,1591693,1593719,1595448,1.730000,0.000227,1633,-2.537418,4826.100000,14227.100000,9.217956,38.636364
30,1595448,1597914,1599699,1.790000,0.000255,2192,-2.942614,4830.290000,14269.100000,8.762544,41.205534
31,1599699,1601724,1603677,1.960000,0.000215,1947,-2.388505,4834.100000,14306.900000,8.249992,37.944664
32,1603677,1605770,1607696,1.920000,0.000204,1986,-2.238915,4838.150000,14347.800000,8.787504,36.857708
33,1607696,1610756,1612680,1.930000,0.000086,2965,-0.545823,4843.130000,14397.400000,8.893444,36.067194
34,1612680,1614735,1616696,1.960000,0.000205,1925,-2.263271,4847.110000,14436.900000,8.761723,33.498024
35,1616696,1618755,1620695,1.940000,0.000169,1960,-1.759452,4851.130000,14477.100000,8.682502,33.992095
36,1620695,1623520,1625692,2.170000,0.000136,2825,-1.285497,4855.900000,14524.700000,9.329105,33.794466
37,1625692,1627736,1629824,2.090000,0.000136,1955,-1.293174,4860.110000,14566.800000,8.981393,34.683794
38,1630695,1636299,1638698,2.400000,0.001145,96,-16.017845,4868.680000,14652.300000,9.160238,41.699605
39,1638698,1640143,1641688,1.550000,0.001420,107,-20.157448,4872.520000,14689.100000,7.906519,40.118577
40,1641688,1644984,1646689,1.710000,0.001520,100,-21.655214,4877.360000,14736.700000,8.891028,44.169960
41,1646689,1649784,1651008,1.230000,0.000165,2964,-1.754960,4882.160000,14784.700000,9.100133,38.833992
42,1651008,1653956,1655829,1.880000,0.001355,139,-19.366749,4886.330000,14825.800000,8.385607,40.415020
43,1655829,1658757,1661698,2.940000,0.000147,1830,-1.501616,4891.140000,14874.500000,8.780879,33.201581
44,1661698,1663235,1665682,2.450000,0.001138,327,-16.266149,4895.610000,14918.100000,8.645573,48.616601
45,1665682,1666729,1668948,2.220000,0.001429,183,-20.663314,4899.110000,14953.900000,10.211856,45.158103
46,1668948,1671168,1672943,1.770000,0.000116,2220,-1.043473,4903.550000,14999.200000,nan,22.924901
47,1672943,1679844,1679954,0.110000,0.001228,199,-17.753552,4912.220000,15085.100000,-0.000000,45.059289
48,1679954,1684652,1686469,1.820000,0.001573,518,-23.044091,4917.030000,15133.800000,13.409165,20.553360
49,1686469,1688343,1690755,2.410000,0.000206,1874,-2.428386,4920.720000,15169.600000,8.386505,16.600791
50,1690755,1693075,1695197,2.130000,0.000336,1501,-4.414125,4925.450000,15216.900000,7.954446,16.600791
51,1695197,1697608,1699912,2.300000,0.000181,986,-2.067681,4929.990000,15262.300000,8.572199,17.193676
52,1699912,1701889,1704200,2.310000,0.000388,1433,-5.239137,4934.270000,15304.500000,8.164612,16.600791
53,1704200,1706280,1708214,1.930000,0.000237,2080,-2.947334,4938.660000,15348.300000,8.285995,18.280632
54,1708214,1710788,1712503,1.710000,0.000366,2016,-4.946210,4943.170000,15393.300000,7.755192,17.490119
55,1712503,1714838,1716697,1.860000,0.000359,2092,-4.848959,4947.220000,15433.300000,7.602174,17.490119
56,1716697,1719394,1720987,1.600000,0.000335,2399,-4.491660,4951.770000,15478.800000,7.408203,17.490119
57,1720987,1723379,1725568,2.190000,0.000293,2392,-3.856633,4955.760000,15518.700000,7.582983,18.873518
58,1725568,1728239,1729891,1.650000,0.000452,1734,-6.340925,4960.620000,15567.100000,7.175255,19.762846
59,1729891,1732654,1734524,1.870000,0.000341,2666,-4.628216,4965.030000,15611.300000,7.317073,17.490119
60,1734524,1737038,1738685,1.640000,0.000340,2504,-4.635133,4969.420000,15655.100000,7.834557,18.379447
61,1738685,1741642,1743416,1.770000,0.000331,2831,-4.511666,4974.020000,15701.200000,7.869893,18.873518
62,1743416,1746215,1747834,1.620000,0.000276,2799,-3.648419,4978.590000,15746.800000,7.853019,17.786561
63,1747834,1750729,1752399,1.670000,0.000397,2674,-5.578317,4983.110000,15791.800000,7.013691,21.245059
64,1752399,1755493,1757228,1.740000,0.000401,2798,-5.653042,4987.870000,15839.200000,6.990730,19.960474
65,1757228,1760025,1761717,1.700000,0.000443,2698,-6.336395,4992.400000,15884.400000,7.018818,20.158103
66,1761717,1764807,1766861,2.050000,0.000362,2495,-5.079050,4997.190000,15931.100000,7.018555,19.367589
67,1766861,1769654,1771315,1.660000,0.000281,2793,-3.804673,5002.030000,15979.200000,7.116923,19.169960
68,1771315,1774135,1776246,2.110000,0.000441,2462,-6.370203,5006.510000,16023.900000,6.890932,18.083004
69,1776246,1779021,1780488,1.470000,0.000385,2000,-5.486077,5011.400000,16072.800000,7.363449,18.478261
70,1780488,1783472,1784825,1.350000,0.000277,2771,-3.774160,5015.850000,16117.200000,8.275644,18.083004
71,1784825,1787661,1789441,1.780000,0.000200,2583,-2.544016,5020.040000,16159.100000,8.930353,16.007905
72,1789441,1791900,1793174,1.270000,0.000179,2459,-2.209828,5024.280000,16201.400000,8.785587,18.774704
73,1793174,1796713,1798123,1.410000,0.000066,3537,-0.378570,5029.090000,16248.900000,9.282315,16.600791
74,1798123,1800068,1801895,1.820000,0.000087,1926,-0.723548,5032.450000,16282.000000,9.109037,16.600791
75,1801895,1804974,1807988,3.020000,0.000041,3074,0.010980,5037.350000,16329.700000,9.161317,14.723320
76,1807988,1809341,1811852,2.510000,0.000212,1160,-2.779332,5041.720000,16372.600000,9.609190,16.007905
77,1811852,1813799,1816218,2.420000,0.000274,1580,-3.802588,5046.180000,16416.700000,8.488993,17.490119
78,1816218,1818646,1820629,1.990000,0.000289,1960,-4.064523,5051.020000,16465.100000,7.821073,18.379447
79,1820629,1823243,1825085,1.840000,0.000309,2131,-4.413058,5055.620000,16510.500000,7.000454,18.577075
80,1825085,1828186,1829883,1.700000,0.000288,2821,-4.073504,5060.560000,16557.800000,7.111294,18.083004
81,1829883,1832888,1834443,1.550000,0.000252,2776,-3.485338,5065.270000,16602.700000,7.653934,18.379447
82,1834443,1837402,1839154,1.750000,0.000370,1999,-5.468099,5069.780000,16647.200000,7.309709,19.565217
83,1839154,1841811,1843280,1.470000,0.000379,2369,-5.636214,5074.190000,16691.100000,6.828010,23.913043
84,1843280,1846647,1848088,1.440000,0.000391,3246,-5.850202,5079.030000,16739.300000,6.970716,23.023715
85,1848088,1851596,1852913,1.320000,0.000437,3031,-6.646674,5083.970000,16788.700000,6.444670,23.913043
86,1852913,1856261,1857809,1.550000,0.000425,2873,-6.461947,5088.640000,16835.100000,6.567286,22.628458
87,1857809,1860948,1862438,1.490000,0.000398,2891,-6.017618,5093.330000,16881.700000,6.530138,23.517787
88,1862438,1865545,1867504,1.960000,0.000380,2479,-5.734163,5097.920000,16927.700000,7.049188,18.873518
89,1867504,1870459,1871829,1.370000,0.000340,2292,-5.071379,5102.840000,16977.000000,6.899778,20.849802
90,1871829,1874810,1876378,1.570000,0.000381,2867,-5.791751,5107.190000,17020.300000,6.823058,24.703557
91,1876378,1879389,1880866,1.470000,0.000463,2476,-7.200210,5111.770000,17066.000000,6.776632,25.296443
92,1880866,1884229,1885652,1.420000,0.000409,2941,-6.298325,5116.610000,17113.300000,6.604185,26.185771
93,1885652,1889090,1890578,1.490000,0.000418,3140,-6.473436,5121.470000,17159.400000,6.657224,22.134387
94,1890578,1893878,1895320,1.440000,0.000394,2626,-6.086243,5126.260000,17206.300000,7.109573,28.260870
95,1895320,1898715,1899979,1.270000,0.000517,2831,-8.223155,5131.090000,17254.000000,6.019942,38.932806
96,1899979,1904061,1905398,1.340000,0.000523,3520,-8.352323,5136.440000,17306.200000,5.977925,30.335968
97,1905398,1908978,1910429,1.450000,0.000494,2812,-7.880956,5141.360000,17355.000000,6.232154,29.150198
98,1910429,1913880,1915457,1.580000,0.000476,3170,-7.585099,5146.260000,17403.100000,6.004451,27.766798
99,1915457,1918807,1920197,1.390000,0.000453,2944,-7.218582,5151.190000,17451.200000,6.224274,30.731225
100,1920197,1923872,1925129,1.260000,0.000500,2962,-8.057030,5156.250000,17500.100000,5.520723,27.964427
101,1925129,1928670,1929809,1.140000,0.000493,2909,-7.956772,5161.050000,17548.100000,7.274045,32.015810
102,1929809,1933501,1934767,1.270000,0.000462,3468,-7.428373,5165.880000,17596.000000,6.418629,37.154150
103,1934767,1938643,1939790,1.150000,0.000516,3034,-8.402244,5171.020000,17647.600000,7.066360,26.383399
104,1939790,1943147,1944623,1.470000,0.000424,3165,-6.806549,5175.530000,17692.300000,6.572653,28.260870
105,1944623,1947969,1949392,1.420000,0.000466,2942,-7.568146,5180.350000,17740.700000,6.911307,28.260870
106,1949392,1952861,1953990,1.130000,0.000460,2706,-7.485588,5185.240000,17789.300000,7.429154,37.055336
107,1953990,1957739,1959115,1.370000,0.000529,3071,-8.733754,5190.120000,17838.100000,6.240437,39.624506
108,1959115,1963152,1964372,1.220000,0.000507,2829,-8.369289,5195.530000,17891.900000,5.937703,35.375494
109,1964372,1968156,1969492,1.340000,0.000496,3306,-8.205557,5200.530000,17942.100000,6.130065,28.260870
110,1969492,1973189,1974430,1.240000,0.000462,3266,-7.612318,5205.570000,17992.200000,6.605265,34.387352
111,1974430,1978122,1979343,1.220000,0.000478,3193,-7.920229,5210.500000,18041.500000,6.723648,32.608696
112,1979343,1982902,1984340,1.440000,0.000467,3142,-7.746733,5215.280000,18089.300000,6.353565,31.324111
113,1984340,1987869,1989055,1.180000,0.000507,2834,-8.507151,5220.250000,18139.000000,6.100821,33.399209
114,1989055,1992971,1994093,1.120000,0.000518,3202,-8.731811,5225.350000,18189.900000,5.717932,40.711462
115,1994093,1997855,1999270,1.420000,0.000533,3310,-9.025424,5230.230000,18238.600000,6.017676,37.648221
116,1999270,2002955,2004102,1.150000,0.000504,3214,-8.511528,5235.330000,18289.400000,6.342617,31.719368
117,2004102,2007662,2008906,1.240000,0.000488,3067,-8.253816,5240.040000,18336.600000,6.558058,31.422925
118,2008906,2012311,2013638,1.330000,0.000466,3162,-7.878170,5244.690000,18382.700000,7.308610,46.442688
119,2013638,2017641,2018737,1.100000,0.000540,3143,-9.261896,5250.020000,18436.000000,6.031743,53.754941
120,2018737,2022871,2023991,1.120000,0.000528,3544,-9.059357,5255.250000,18488.000000,6.404184,55.928854
121,2023991,2028223,2029451,1.230000,0.000553,3669,-9.554795,5260.600000,18541.400000,5.858942,36.264822
122,2029451,2033218,2034516,1.290000,0.000481,3225,-8.250538,5265.600000,18591.300000,6.266032,41.106719
123,2034516,2038304,2039442,1.140000,0.000526,3195,-9.115699,5270.680000,18642.000000,6.652587,50.592885
124,2039442,2043386,2044625,1.240000,0.000534,3681,-9.291639,5275.760000,18692.900000,5.877949,43.083004
125,2044625,2048493,2049657,1.170000,0.000519,3283,-9.027738,5280.870000,18743.800000,6.172023,43.774704
126,2049657,2053516,2054695,1.180000,0.000527,3239,-9.215550,5285.890000,18793.900000,5.768371,29.150198
127,2054695,2058234,2059477,1.250000,0.000480,3140,-8.354955,5290.610000,18841.200000,6.171569,34.387352
128,2059477,2063280,2064398,1.120000,0.000511,3516,-8.959434,5295.660000,18891.400000,6.623980,62.154150
129,2064398,2068629,2069793,1.160000,0.000597,3403,-10.616483,5301.010000,18944.700000,5.288170,42.490119
130,2069793,2073651,2074948,1.300000,0.000543,3278,-9.610748,5306.030000,18995.200000,6.465478,27.766798
131,2074948,2078571,2079691,1.120000,0.000453,3436,-7.923341,5310.950000,19043.100000,5.877726,50.000000
132,2079691,2083566,2084874,1.310000,0.000554,3460,-9.874170,5315.940000,19092.800000,5.913275,47.628458
133,2084874,2088856,2089936,1.080000,0.000548,3264,-9.792612,5321.230000,19144.600000,5.577075,58.102767
134,2089936,2094378,2095556,1.170000,0.000580,3929,-10.443324,5326.760000,19198.800000,5.074997,39.426877
135,2095556,2099344,2100922,1.580000,0.000495,3308,-8.837322,5331.720000,19248.200000,6.064723,32.312253
136,2100922,2104405,2105671,1.270000,0.000537,2710,-9.656423,5336.780000,19298.100000,6.068719,32.509881
137,2105671,2109166,2110215,1.050000,0.000508,2831,-9.126641,5341.540000,19345.200000,6.004418,70.059289
138,2110215,2114577,2115863,1.280000,0.000579,3775,-10.530312,5346.960000,19398.400000,5.739249,47.727273
139,2115863,2119662,2120929,1.270000,0.000571,3268,-10.407058,5352.040000,19448.300000,6.558917,46.541502
140,2120929,2124986,2126133,1.150000,0.000560,3331,-10.213066,5357.360000,19501.000000,5.731225,42.292490
141,2126133,2129847,2131065,1.210000,0.000566,3113,-10.366914,5362.230000,19548.800000,6.517760,68.478261
142,2131065,2134323,2135683,1.360000,0.000485,3139,-8.800105,5366.700000,19595.200000,5.144379,58.300395
143,2135683,2139023,2140700,1.680000,0.000576,2947,-10.614991,5371.400000,19642.800000,5.624177,44.565217
144,2140700,2143769,2145049,1.280000,0.000400,2498,-7.178607,5376.150000,19690.300000,7.419831,33.498024
145,2145049,2148052,2149695,1.640000,0.000460,2807,-8.387872,5380.430000,19733.300000,6.345311,33.201581
146,2149695,2152860,2154034,1.170000,0.000534,2483,-9.874834,5385.240000,19782.000000,5.764163,36.561265
147,2154034,2157343,2158586,1.240000,0.000516,2645,-9.526886,5389.720000,19827.200000,7.409578,48.418972
148,2158586,2162162,2163370,1.210000,0.000582,2706,-10.870949,5394.540000,19877.100000,7.012698,39.426877
149,2163370,2167061,2168494,1.430000,0.000545,3228,-10.156899,5399.440000,19924.600000,5.620581,30.731225
150,2168494,2172010,2173007,1.000000,0.000525,2753,-9.795394,5404.390000,19973.000000,6.173989,46.047431
151,2173007,2176994,2177956,0.960000,0.000566,3592,-10.625759,5409.370000,20022.600000,5.744313,74.209486
152,2177956,2182398,2183358,0.960000,0.000594,3629,-11.225684,5414.780000,20076.500000,5.760870,68.972332
153,2183358,2187722,2188724,1.000000,0.000562,3682,-10.620167,5420.100000,20129.400000,6.632277,53.557312
154,2188724,2192851,2194096,1.240000,0.000554,3581,-10.489464,5425.230000,20180.700000,6.248634,50.691700
155,2194096,2198003,2199122,1.120000,0.000541,3194,-10.247104,5430.380000,20232.000000,5.893644,61.758893
156,2199122,2203131,2204319,1.190000,0.000580,3401,-11.063230,5435.510000,20283.100000,5.412432,65.415020
157,2204319,2208434,2209515,1.080000,0.000564,3662,-10.767584,5440.810000,20336.100000,6.690579,81.916996
158,2209515,2213923,2214980,1.060000,0.000610,3690,-11.741031,5446.300000,20390.900000,5.698287,58.498024
159,2214980,2219090,2220200,1.110000,0.000569,3664,-10.942156,5451.470000,20442.300000,5.778091,57.905138
160,2220200,2224422,2225416,0.990000,0.000582,3783,-11.232726,5456.800000,20495.500000,5.566736,66.798419
161,2225416,2229677,2230626,0.940000,0.000563,3481,-10.872764,5462.060000,20548.300000,6.474060,82.608696
162,2230626,2235185,2236343,1.160000,0.000586,3748,-11.371497,5467.560000,20602.900000,6.044760,57.608696
163,2236343,2240638,2241788,1.150000,0.000561,3641,-10.896392,5473.020000,20657.500000,6.336938,49.604743
164,2241788,2245878,2246973,1.090000,0.000538,3083,-10.433853,5478.260000,20709.700000,6.551753,47.628458
165,2246973,2250890,2252109,1.220000,0.000531,3511,-10.322701,5483.270000,20759.900000,5.845159,58.399209
166,2252109,2256156,2257493,1.340000,0.000562,3344,-10.996649,5488.530000,20812.500000,6.125849,62.055336
167,2257493,2261946,2262929,0.990000,0.000588,3177,-11.571344,5494.320000,20870.100000,6.208477,53.162055
168,2262929,2267069,2268074,1.000000,0.000546,3509,-10.715654,5499.450000,20921.400000,6.115061,43.478261
169,2268074,2272202,2273329,1.130000,0.000524,3696,-10.291488,5504.580000,20972.600000,6.387801,48.418972
170,2273329,2277199,2278340,1.140000,0.000565,3192,-11.171652,5509.580000,21022.500000,5.982378,54.150198
171,2278340,2282352,2283290,0.940000,0.000562,3459,-11.142363,5514.730000,21073.800000,5.978261,94.466403
172,2283290,2287899,2288979,1.080000,0.000588,4096,-11.726901,5520.280000,21128.900000,5.324160,63.636364
173,2288979,2293503,2294477,0.980000,0.000577,3624,-11.525648,5525.880000,21184.900000,5.700716,48.023715
174,2294477,2298433,2299678,1.250000,0.000540,3230,-10.757859,5530.810000,21234.200000,6.088216,53.557312
175,2299678,2303893,2304810,0.920000,0.000567,3540,-11.376482,5536.270000,21288.500000,5.965452,100.098814
176,2304810,2309749,2310506,0.750000,0.000579,4150,-11.667815,5542.130000,21347.000000,4.881786,113.833992
177,2310506,2315447,2316357,0.910000,0.000590,4038,-11.930092,5547.830000,21403.800000,5.941206,80.138340
178,2316357,2320586,2321690,1.110000,0.000561,3647,-11.343390,5552.960000,21455.200000,5.551361,57.213439
179,2321690,2325552,2326746,1.190000,0.000553,3365,-11.191936,5557.930000,21504.900000,5.709323,53.458498
180,2326746,2330710,2331824,1.110000,0.000562,3177,-11.417520,5563.090000,21556.600000,5.467933,75.296443
181,2331824,2343364,2544684,201.320000,0.000567,3300,-11.558917,5575.740000,21592.700000,3.254166,12.154150
182,2544684,2586561,2587870,1.310000,0.000005,190,0.566513,5818.940000,21549.000000,-0.000000,225.988142
183,2587870,2590267,2591773,1.500000,0.000344,2328,-6.728157,5822.650000,21585.900000,7.773656,21.936759
184,2591773,2594570,2595818,1.250000,0.000404,2460,-8.036769,5826.950000,21627.700000,7.295661,31.719368
185,2595818,2599692,2600530,0.840000,0.000523,3512,-10.637079,5832.070000,21677.200000,6.827331,111.561265
186,2600530,2604895,2605770,0.880000,0.000683,3750,-14.145754,5837.270000,21728.900000,7.118649,52.964427
187,2605770,2609208,2610365,1.150000,0.000573,3392,-11.782476,5841.590000,21771.800000,5.528541,53.162055
188,2610365,2614143,2615151,1.010000,0.000588,3108,-12.134770,5846.520000,21820.300000,5.394568,47.529644
189,2615151,2618943,2619950,1.010000,0.000567,3403,-11.708571,5851.320000,21866.900000,6.062959,55.138340
190,2619950,2623580,2624753,1.170000,0.000581,2679,-12.030676,5855.960000,21913.300000,7.249527,38.932806
191,2624753,2628253,2629164,0.910000,0.000561,3500,-11.626355,5860.630000,21958.700000,4.226518,82.312253
192,2629164,2633741,2634670,0.930000,0.000613,3040,-12.787320,5866.120000,22010.600000,6.647909,65.019763
193,2634670,2638569,2639694,1.120000,0.000575,3734,-11.987765,5870.950000,22057.600000,7.349583,59.881423
194,2639694,2643291,2644256,0.960000,0.000586,3142,-12.256393,5875.670000,22104.900000,6.305127,50.000000
195,2644256,2647916,2648966,1.050000,0.000554,3252,-11.565007,5880.290000,22151.200000,6.301653,54.841897
196,2648966,2652647,2653572,0.920000,0.000600,3122,-12.621161,5885.030000,22198.500000,4.967019,66.798419
197,2653572,2657477,2658740,1.260000,0.000591,3543,-12.440153,5889.860000,22246.600000,5.959111,38.636364
198,2658740,2662030,2663088,1.060000,0.000531,3143,-11.144769,5894.410000,22291.800000,5.628551,75.296443
199,2663088,2666960,2668184,1.220000,0.000633,3228,-13.440057,5899.340000,22341.100000,3.942739,59.288538
200,2668184,2672006,2673015,1.010000,0.000578,3424,-12.242499,5904.380000,22391.400000,7.490731,82.608696
201,2673015,2677095,2678385,1.290000,0.000633,3381,-13.505794,5909.470000,22442.200000,5.816096,62.845850
202,2678385,2682172,2683351,1.180000,0.000619,3098,-13.235615,5914.550000,22493.100000,6.844693,68.577075
203,2683351,2687269,2688384,1.110000,0.000604,3277,-12.908337,5919.650000,22543.600000,5.506177,53.952569
204,2688384,2692307,2693514,1.200000,0.000590,3262,-12.631802,5924.690000,22593.800000,5.479447,42.984190
205,2693514,2697257,2698315,1.050000,0.000559,3295,-11.966906,5929.640000,22643.100000,6.424600,60.968379
206,2698315,2702374,2703367,1.000000,0.000609,3439,-13.125325,5934.750000,22694.100000,5.541145,76.976285
207,2703367,2707570,2708619,1.050000,0.000615,3475,-13.297235,5939.950000,22746.000000,5.294429,71.343874
208,2708619,2712638,2713716,1.070000,0.000628,3358,-13.622204,5945.020000,22796.600000,6.116900,65.909091
209,2713716,2717667,2718496,0.820000,0.000625,3075,-13.583089,5950.050000,22846.800000,5.882161,135.079051
210,2718496,2723117,2724481,1.360000,0.000652,3795,-14.241564,5955.500000,22900.900000,5.646616,70.652174
211,2724481,2728287,2729302,1.010000,0.000626,2974,-13.678554,5960.670000,22952.600000,5.450299,104.940711
212,2729302,2733802,2734813,1.010000,0.000628,3760,-13.740173,5966.180000,23007.700000,4.964359,100.000000
213,2734813,2739237,2740036,0.790000,0.000646,3331,-14.186375,5971.620000,23062.000000,6.147480,162.747036
214,2740036,2744950,2745699,0.750000,0.000663,3990,-14.633450,5977.330000,23118.900000,4.997968,106.719368
215,2745699,2750137,2751176,1.030000,0.000628,3944,-13.858117,5982.520000,23170.700000,5.510070,75.691700
216,2751176,2755220,2756314,1.090000,0.000588,3538,-12.954495,5987.600000,23221.600000,5.896558,47.430830
217,2756314,2760022,2761293,1.270000,0.000545,2866,-11.990361,5992.400000,23269.600000,5.856483,76.976285
218,2761293,2765157,2766363,1.200000,0.000698,3000,-15.582321,5997.540000,23320.600000,5.535153,96.343874
219,2766363,2770739,2771501,0.760000,0.000643,3283,-14.320360,6003.120000,23376.500000,6.082237,191.996047
220,2771501,2776539,2777398,0.860000,0.000643,4008,-14.363691,6008.920000,23434.200000,5.293198,89.426877
221,2777398,2781840,2782748,0.910000,0.000584,3962,-13.022452,6014.220000,23486.900000,5.842117,130.731225
222,2782748,2787417,2788275,0.850000,0.000637,3660,-14.290046,6019.800000,23542.800000,5.085745,93.774704
223,2788275,2792674,2793566,0.890000,0.000584,4134,-13.082915,6025.050000,23595.300000,5.834114,122.134387
224,2793566,2798210,2799132,0.920000,0.000619,3787,-13.949539,6030.590000,23650.500000,5.512346,140.118577
225,2799132,2803869,2804877,1.010000,0.000629,3825,-14.200989,6036.250000,23707.000000,5.309694,57.015810
226,2804877,2808841,2809921,1.080000,0.000586,3311,-13.222932,6041.220000,23756.800000,5.946395,54.940711
227,2809921,2813881,2814843,0.960000,0.000569,3233,-12.855114,6046.260000,23806.900000,6.263459,80.237154
228,2814843,2819259,2820235,0.970000,0.000593,3959,-13.453467,6051.640000,23859.900000,6.062077,114.723320
229,2820235,2825049,2825933,0.880000,0.000643,4126,-14.689246,6057.430000,23917.200000,5.761811,145.355731
230,2825933,2830630,2831621,0.990000,0.000660,3998,-15.128747,6063.010000,23973.000000,5.725736,127.272727
231,2831621,2836094,2837268,1.180000,0.000647,3613,-14.840671,6068.470000,24027.300000,5.414761,70.355731
232,2837268,2841277,2842282,1.000000,0.000641,2769,-14.730692,6073.660000,24079.300000,5.813056,93.478261
233,2842282,2846603,2847633,1.030000,0.000660,3230,-15.232756,6078.980000,24132.300000,5.377196,77.075099
234,2847633,2852057,2852936,0.870000,0.000609,3790,-14.035322,6084.440000,24186.700000,5.354790,100.000000
235,2852936,2857466,2858494,1.030000,0.000608,3554,-14.032776,6089.840000,24241.000000,5.927401,87.549407
236,2858494,2862584,2863800,1.220000,0.000614,3528,-14.207222,6094.960000,24292.300000,5.710835,106.126482
237,2863800,2868497,2869344,0.840000,0.000619,4002,-14.367270,6100.880000,24351.000000,5.292876,90.415020
238,2869344,2873717,2874708,0.990000,0.000624,3449,-14.534057,6106.100000,24403.000000,5.486075,88.241107
239,2874708,2879299,2880374,1.070000,0.000611,3446,-14.253607,6111.680000,24459.000000,5.437558,59.683794
240,2880374,2884450,2885556,1.100000,0.000558,3578,-12.989163,6116.830000,24510.400000,5.907647,43.478261
241,2885556,2889609,2890556,0.940000,0.000534,3646,-12.430465,6121.990000,24561.900000,6.159678,89.426877
242,2890556,2895026,2895923,0.900000,0.000630,3892,-14.803751,6127.400000,24615.900000,5.090222,95.553360
243,2895923,2900460,2901415,0.950000,0.000622,3896,-14.651731,6132.840000,24670.300000,5.732525,81.521739
244,2901415,2905761,2906751,0.990000,0.000613,3536,-14.465125,6138.140000,24723.200000,5.830040,102.075099
245,2906751,2911111,2912153,1.040000,0.000644,3246,-15.253524,6143.490000,24776.500000,5.526703,89.426877
246,2912153,2916628,2917438,0.810000,0.000609,3563,-14.419469,6149.010000,24831.600000,5.226614,74.011858
247,2917438,2921653,2922784,1.130000,0.000605,3489,-14.352368,6154.030000,24881.800000,5.969509,66.501976
248,2922784,2926722,2927682,0.960000,0.000610,3171,-14.501198,6159.100000,24932.400000,6.186981,119.664032
249,2927682,2932341,2933300,0.960000,0.000669,3678,-16.017402,6164.720000,24988.300000,4.958582,129.347826
250,2933300,2938051,2938883,0.830000,0.000651,3741,-15.615362,6170.430000,25045.200000,5.065112,94.664032
251,2938883,2943490,2944416,0.920000,0.000577,4125,-13.772633,6175.870000,25099.500000,6.164947,64.920949
252,2944416,2948521,2949563,1.040000,0.000584,3327,-14.000516,6180.900000,25149.900000,5.910001,68.478261
253,2949563,2953718,2954816,1.090000,0.000580,3279,-13.912891,6186.100000,25201.700000,5.674017,59.288538
254,2954816,2958722,2959757,1.040000,0.000573,3249,-13.781542,6191.100000,25251.800000,6.081161,78.260870
255,2959757,2964320,2965217,0.900000,0.000616,3686,-14.900558,6196.700000,25307.600000,5.592050,86.857708
256,2965217,2969902,2970605,0.700000,0.000609,3859,-14.757976,6202.280000,25363.400000,5.799722,138.932806
257,2970605,2975413,2976336,0.920000,0.000650,3919,-15.815402,6207.790000,25418.200000,5.316384,100.000000
258,2976336,2980906,2981686,0.780000,0.000603,3938,-14.650874,6213.280000,25473.100000,6.033158,165.019763
259,2981686,2986434,2987477,1.050000,0.000663,3720,-16.225429,6218.810000,25528.300000,5.556928,78.359684
260,2987477,2991835,2992707,0.880000,0.000602,3444,-14.692684,6224.210000,25582.300000,5.377515,150.000000
261,2992707,2997611,2998701,1.090000,0.000611,4237,-14.978040,6229.990000,25640.000000,5.320872,87.450593
262,2998701,3003049,3004200,1.150000,0.000637,3306,-15.662413,6235.430000,25694.300000,5.883587,60.671937
263,3004200,3008236,3009317,1.090000,0.000643,2761,-15.856813,6240.610000,25746.300000,5.997858,58.498024
264,3009317,3013409,3014330,0.920000,0.000613,3334,-15.110173,6245.790000,25797.700000,6.230674,77.569170
265,3014330,3018794,3019682,0.890000,0.000592,3449,-14.614351,6251.170000,25851.500000,5.736381,102.766798
266,3019682,3024187,3025071,0.880000,0.000653,3530,-16.204876,6256.570000,25905.300000,5.512694,114.723320
267,3025071,3029471,3030664,1.190000,0.000637,3573,-15.842443,6261.850000,25958.100000,5.363882,58.300395
268,3030664,3034601,3035582,0.980000,0.000587,3263,-14.570638,6266.980000,26009.200000,6.145063,100.000000
269,3035582,3039866,3040864,1.000000,0.000639,3559,-15.944516,6272.240000,26061.900000,5.393950,100.000000
270,3040864,3045583,3046591,1.010000,0.000631,3854,-15.768631,6277.960000,26118.900000,5.648514,83.992095
271,3046591,3050957,3051956,0.990000,0.000619,3482,-15.502251,6283.340000,26172.500000,5.591853,86.462451
272,3051956,3056096,3057303,1.210000,0.000641,3119,-16.121208,6288.470000,26223.800000,5.922501,75.296443
273,3057303,3061577,3062638,1.060000,0.000608,3248,-15.268545,6293.960000,26278.600000,5.761360,83.992095
274,3062638,3066876,3067857,0.990000,0.000631,3330,-15.924560,6299.250000,26331.400000,5.358103,91.996047
275,3067857,3072408,3073339,0.930000,0.000618,3527,-15.596445,6304.790000,26386.600000,5.597277,85.573123
276,3073339,3077841,3078730,0.890000,0.000602,3596,-15.228503,6310.220000,26440.900000,6.290103,75.691700
277,3078730,3083073,3083917,0.850000,0.000633,3369,-16.071866,6315.450000,26493.200000,5.771338,120.750988
278,3083917,3088474,3089326,0.850000,0.000645,3615,-16.430560,6320.850000,26546.900000,5.826325,94.960474
279,3089326,3093686,3094857,1.180000,0.000634,3583,-16.151432,6326.060000,26599.100000,5.617821,75.889328
280,3094857,3099034,3100147,1.120000,0.000609,3583,-15.542259,6331.410000,26652.400000,5.340739,70.750988
281,3100147,3104371,3105541,1.170000,0.000601,3576,-15.352898,6336.750000,26705.700000,5.713519,54.940711
282,3105541,3109261,3110364,1.100000,0.000607,2858,-15.540471,6341.640000,26754.500000,6.047431,120.256917
283,3110364,3115139,3116027,0.890000,0.000647,3708,-16.659811,6347.520000,26813.200000,5.296274,106.225296
284,3116027,3120434,3121443,1.010000,0.000616,3860,-15.850166,6352.810000,26866.100000,5.693297,118.675889
285,3121443,3126091,3127126,1.030000,0.000612,3992,-15.788244,6358.470000,26922.500000,5.831729,96.442688
286,3127126,3131576,3132518,0.950000,0.000627,3630,-16.215167,6363.950000,26977.000000,5.581484,85.573123
287,3132518,3137048,3138017,0.970000,0.000616,3566,-15.941296,6369.430000,27031.800000,6.008313,51.284585
288,3138017,3142018,3142907,0.890000,0.000575,3502,-14.876408,6374.400000,27081.600000,6.205833,87.944664
289,3142907,3147309,3148164,0.850000,0.000619,3659,-16.100759,6379.690000,27134.300000,6.044785,100.000000
290,3148164,3152659,3153708,1.050000,0.000625,3641,-16.280285,6385.040000,27187.800000,6.259176,84.881423
291,3153708,3158096,3159167,1.080000,0.000602,3742,-15.701688,6390.470000,27242.100000,5.625353,102.371542
292,3159167,3163585,3164457,0.880000,0.000647,3416,-16.962210,6395.960000,27296.800000,5.528303,106.521739
293,3164457,3169068,3169967,0.900000,0.000619,3931,-16.225589,6401.450000,27351.500000,5.455957,117.193676
294,3169967,3174676,3175590,0.920000,0.000618,3745,-16.241962,6407.050000,27407.600000,5.490321,80.237154
295,3175590,3179996,3180937,0.950000,0.000603,3611,-15.867566,6412.370000,27460.700000,5.383922,84.782609
296,3180937,3185253,3186284,1.030000,0.000601,3730,-15.845064,6417.630000,27513.200000,5.840656,106.521739
297,3186284,3190944,3192002,1.060000,0.000643,3600,-17.017623,6423.320000,27569.900000,5.704502,77.075099
298,3192002,3196323,3197325,1.000000,0.000605,3554,-16.005455,6428.700000,27623.700000,6.033192,70.158103
299,3197325,3201502,3202347,0.850000,0.000581,3445,-15.381306,6433.880000,27675.400000,5.556653,130.039526
300,3202347,3207296,3208276,0.980000,0.000638,3820,-16.980609,6439.670000,27733.200000,5.445647,51.581028
301,3208276,3212287,3213288,1.000000,0.000562,3425,-14.925953,6444.670000,27783.000000,5.913109,57.114625
302,3213288,3217365,3218338,0.980000,0.000591,3514,-15.742208,6449.740000,27833.700000,5.845734,67.687747
303,3218338,3222464,3223458,1.000000,0.000597,3730,-15.940064,6454.840000,27884.500000,5.879447,141.106719
304,3223458,3228249,3229240,0.990000,0.000647,3943,-17.391768,6460.630000,27942.100000,5.176673,113.241107
305,3229240,3233919,3234824,0.900000,0.000638,3960,-17.157198,6466.300000,27998.700000,5.037792,100.000000
306,3234824,3239621,3240292,0.670000,0.000600,3843,-16.121313,6472.000000,28055.700000,6.533731,53.162055
307,3240292,3244559,3245472,0.910000,0.000550,3657,-14.753142,6476.940000,28105.100000,5.669627,77.766798
308,3245472,3249911,3250926,1.010000,0.000582,3793,-15.692878,6482.290000,28158.300000,5.504713,95.948617
309,3250926,3255380,3256353,0.970000,0.000630,3326,-17.062952,6487.760000,28212.800000,5.929632,95.256917
310,3256353,3260877,3261873,0.990000,0.000600,3850,-16.256356,6493.260000,28267.800000,5.638018,82.114625
311,3261873,3266331,3267483,1.150000,0.000611,3592,-16.613884,6498.710000,28322.300000,5.584817,47.430830
312,3267483,3271276,3272450,1.180000,0.000551,3172,-14.923854,6503.650000,28371.700000,6.076670,41.205534
313,3272450,3276173,3277183,1.010000,0.000503,3229,-13.604486,6508.550000,28420.700000,6.718067,65.909091
314,3277183,3281513,3282283,0.770000,0.000610,3457,-16.656601,6513.890000,28473.900000,6.116260,150.988142
315,3282283,3287113,3288045,0.930000,0.000660,3780,-18.117874,6519.490000,28529.600000,5.323617,106.521739
316,3288045,3292455,3293328,0.880000,0.000625,3568,-17.178695,6524.830000,28582.900000,5.543908,115.316206
317,3293328,3297861,3298825,0.960000,0.000639,3743,-17.589692,6530.240000,28636.900000,5.460192,80.237154
318,3298825,3303289,3304147,0.860000,0.000595,3536,-16.365305,6535.670000,28691.300000,5.836168,85.573123
319,3304147,3308635,3309712,1.080000,0.000621,3547,-17.158504,6541.010000,28744.700000,5.755737,82.213439
320,3309712,3313954,3315248,1.300000,0.000621,3196,-17.193291,6546.330000,28797.700000,5.826221,48.418972
321,3315248,3319251,3320126,0.870000,0.000562,3040,-15.528037,6551.630000,28850.700000,6.191555,85.276680
322,3320126,3324634,3325741,1.110000,0.000605,3681,-16.787588,6557.010000,28904.500000,5.705255,74.505929
323,3325741,3329877,3330796,0.910000,0.000623,3062,-17.352163,6562.260000,28957.100000,6.238347,133.201581
324,3330796,3335634,3336677,1.050000,0.000645,4050,-18.004035,6568.010000,29014.300000,5.280699,90.118577
325,3336677,3341138,3342217,1.080000,0.000638,3613,-17.835609,6573.520000,29069.000000,5.530882,50.000000
326,3342217,3346034,3347015,0.980000,0.000578,3174,-16.127016,6578.410000,29118.000000,6.331341,91.996047
327,3347015,3351439,3352496,1.050000,0.000628,3309,-17.625575,6583.820000,29171.800000,5.751366,66.798419
328,3352496,3356682,3357559,0.880000,0.000589,3543,-16.521390,6589.060000,29224.100000,5.442688,119.169960
329,3357559,3362334,3363269,0.940000,0.000645,3650,-18.198003,6594.710000,29280.500000,5.785338,97.529644
330,3363269,3367665,3368758,1.100000,0.000615,3502,-17.348931,6600.040000,29333.700000,5.410245,78.359684
331,3368758,3373118,3374126,1.000000,0.000608,3584,-17.162755,6605.500000,29388.300000,5.364086,93.478261
332,3374126,3378739,3379763,1.020000,0.000603,3763,-17.063865,6611.120000,29444.400000,5.578443,82.509881
333,3379763,3384236,3384942,0.710000,0.000635,3325,-18.029084,6616.610000,29499.300000,5.846151,116.798419
334,3384942,3389668,3390694,1.020000,0.000640,3772,-18.225756,6622.050000,29553.500000,5.041606,134.683794
335,3390694,3395444,3396276,0.830000,0.000640,3631,-18.237300,6627.820000,29611.100000,5.615559,91.501976
336,3396276,3400634,3401404,0.770000,0.000600,3728,-17.100057,6633.010000,29662.900000,6.809116,123.913043
337,3401404,3406160,3407004,0.840000,0.000635,3748,-18.171798,6638.540000,29718.000000,5.838845,115.316206
338,3407004,3411583,3412371,0.790000,0.000646,3497,-18.527462,6643.960000,29772.200000,5.454545,99.703557
339,3412371,3416799,3417841,1.040000,0.000625,3653,-17.936527,6649.180000,29823.600000,5.391418,78.260870
340,3417841,3422216,3423201,0.990000,0.000607,3762,-17.429560,6654.590000,29877.400000,6.337585,88.339921
341,3423201,3427462,3428505,1.040000,0.000620,3551,-17.869028,6659.840000,29929.800000,5.500659,81.027668
342,3428505,3432967,3433843,0.870000,0.000589,3812,-16.957994,6665.350000,29984.200000,6.093544,132.213439
343,3433843,3438665,3439710,1.050000,0.000649,3761,-18.807906,6671.040000,30041.100000,5.494641,106.521739
344,3439710,3444385,3445407,1.030000,0.000624,3775,-18.091748,6676.760000,30098.000000,5.718874,90.019763
345,3445407,3449851,3450687,0.840000,0.000613,3403,-17.795179,6682.230000,30152.700000,5.557552,117.391304
346,3450687,3455338,3456214,0.870000,0.000652,3617,-19.002076,6687.720000,30207.300000,5.814982,106.521739
347,3456214,3460624,3461693,1.070000,0.000625,3665,-18.222625,6693.000000,30260.300000,5.164118,68.181818
348,3461693,3466011,3466914,0.900000,0.000575,3554,-16.719526,6698.390000,30313.900000,6.251600,83.596838
349,3466914,3471205,3472283,1.080000,0.000617,3400,-18.039359,6703.580000,30365.800000,5.603060,50.395257
350,3472283,3475976,3477118,1.150000,0.000538,3162,-15.676592,6708.350000,30413.500000,5.929804,54.249012
351,3477118,3480941,3481986,1.040000,0.000566,3184,-16.534187,6713.320000,30463.100000,5.797886,81.126482
352,3481986,3486644,3487402,0.760000,0.000616,3895,-18.097663,6719.020000,30520.100000,5.433634,151.976285
353,3487402,3492095,3493115,1.020000,0.000670,3700,-19.792277,6724.470000,30574.300000,5.136493,106.521739
354,3493115,3497641,3498370,0.730000,0.000633,3719,-18.683588,6730.020000,30629.900000,5.289945,154.347826
355,3498370,3503392,3504340,0.950000,0.000648,4090,-19.175178,6735.770000,30687.100000,4.973650,96.541502
356,3504340,3508948,3509831,0.880000,0.000617,3529,-18.260491,6741.330000,30742.500000,6.080772,67.588933
357,3509831,3513959,3514892,0.930000,0.000579,3442,-17.119679,6746.340000,30792.500000,6.128630,57.411067
358,3514892,3518803,3519938,1.140000,0.000573,3185,-16.976903,6751.180000,30841.000000,6.053446,50.790514
359,3519938,3523874,3524957,1.090000,0.000557,3313,-16.511298,6756.250000,30891.500000,5.914510,56.027668
360,3524957,3529010,3530236,1.220000,0.000578,3572,-17.195148,6761.390000,30942.800000,5.471596,54.446640
361,3530236,3534213,3535304,1.090000,0.000560,3394,-16.661072,6766.590000,30994.900000,6.300259,94.071146
362,3535304,3539921,3541002,1.080000,0.000646,3826,-19.368609,6772.300000,31051.800000,5.069098,75.889328
363,3541002,3545190,3546029,0.840000,0.000581,3325,-17.374448,6777.570000,31104.400000,6.116795,107.411067
364,3546029,3550631,3551695,1.060000,0.000647,3767,-19.458433,6783.010000,31158.900000,5.732647,82.411067
365,3551695,3555876,3556772,0.900000,0.000630,3367,-18.980786,6788.250000,31211.000000,6.162508,127.075099
366,3556772,3561475,3562447,0.980000,0.000639,3733,-19.281127,6793.850000,31266.800000,5.341068,72.430830
367,3562447,3566658,3567697,1.040000,0.000574,3706,-17.274643,6799.040000,31318.700000,5.629171,63.241107
368,3567697,3571840,3572832,0.990000,0.000575,3578,-17.332797,6804.220000,31370.400000,5.653707,97.628458
369,3572832,3577316,3578434,1.120000,0.000628,3644,-19.022533,6809.690000,31424.900000,5.585200,60.474308
370,3578434,3582290,3583246,0.950000,0.000581,3159,-17.576156,6814.670000,31474.700000,5.905874,93.478261
371,3583246,3587716,3588740,1.030000,0.000636,3489,-19.352246,6820.090000,31528.800000,5.681495,79.051383
372,3588740,3592849,3593875,1.020000,0.000605,3356,-18.423878,6825.230000,31580.100000,5.809163,74.308300
373,3593875,3598204,3599230,1.030000,0.000586,3604,-17.849782,6830.580000,31633.700000,6.525957,65.909091
374,3599230,3603482,3604358,0.880000,0.000584,3437,-17.811449,6835.860000,31686.300000,5.894975,77.173913
375,3604358,3608638,3609607,0.970000,0.000605,3515,-18.499016,6841.020000,31737.800000,5.594952,61.264822
376,3609607,3613676,3614829,1.160000,0.000601,3532,-18.425085,6846.050000,31788.100000,5.482596,50.000000
377,3614829,3618648,3619689,1.040000,0.000576,3430,-17.653082,6851.030000,31837.600000,5.893171,111.067194
378,3619689,3624187,3625172,0.980000,0.000630,3686,-19.404429,6856.570000,31892.800000,5.346328,96.442688
379,3625172,3629584,3630391,0.810000,0.000628,3565,-19.375979,6861.960000,31946.700000,5.850180,80.335968
380,3630391,3634666,3635510,0.850000,0.000606,3511,-18.707093,6867.040000,31997.600000,5.588280,107.509881
381,3635510,3640091,3641008,0.920000,0.000646,3543,-20.018777,6872.470000,32051.700000,5.621770,79.347826
382,3641008,3645632,3646537,0.910000,0.000643,3728,-19.938745,6878.010000,32107.000000,5.805820,131.719368
383,3646537,3651198,3652325,1.120000,0.000665,3368,-20.696501,6883.580000,32162.400000,5.883982,61.067194
384,3652325,3656078,3657168,1.090000,0.000564,3266,-17.479392,6888.460000,32211.300000,6.193556,66.798419
385,3657168,3661266,3662297,1.040000,0.000599,3429,-18.619105,6893.640000,32263.000000,5.974799,64.229249
386,3662297,3666364,3667622,1.260000,0.000604,3370,-18.838840,6898.740000,32314.000000,5.657599,47.233202
387,3667622,3671591,3672534,0.940000,0.000555,3380,-17.263493,6903.970000,32366.100000,5.853841,78.557312
388,3672534,3676961,3677890,0.930000,0.000610,3553,-19.080797,6909.340000,32419.600000,6.430675,70.553360
389,3677890,3682070,3683118,1.050000,0.000587,3541,-18.354562,6914.450000,32470.700000,5.519728,58.794466
390,3683118,3687181,3688170,0.990000,0.000563,3183,-17.602211,6919.560000,32521.800000,6.147657,62.944664
391,3688170,3692181,3693190,1.010000,0.000582,3516,-18.260377,6924.560000,32571.500000,5.924148,66.798419
392,3693190,3697392,3698490,1.100000,0.000641,3159,-20.208765,6929.770000,32623.600000,6.032346,55.434783
393,3698490,3702562,3703405,0.840000,0.000595,3258,-18.745001,6934.940000,32675.100000,5.844156,101.086957
394,3703405,3708034,3708999,0.970000,0.000633,3743,-20.025159,6940.410000,32729.800000,5.678394,46.739130
395,3708999,3712958,3714191,1.230000,0.000538,3216,-16.953445,6945.340000,32779.200000,5.938245,37.944664
396,3714191,3717776,3718915,1.140000,0.000555,3012,-17.528987,6950.150000,32827.100000,6.703797,68.280632
397,3718915,3722979,3724071,1.090000,0.000605,3321,-19.207655,6955.360000,32878.800000,5.587338,64.426877
398,3724071,3727959,3729019,1.060000,0.000600,3010,-19.069159,6960.340000,32928.600000,5.797747,76.877470
399,3729019,3733402,3734251,0.850000,0.000631,3633,-20.119408,6965.780000,32982.900000,5.419907,139.328063
400,3734251,3738943,3739825,0.880000,0.000677,3534,-21.683955,6971.320000,33038.200000,5.165867,82.114625
401,3739825,3743993,3745104,1.110000,0.000589,3553,-18.797723,6976.370000,33088.700000,5.601120,56.719368
402,3745104,3749057,3749999,0.940000,0.000578,3340,-18.475575,6981.440000,33139.300000,5.698030,81.916996
403,3749999,3754205,3755311,1.110000,0.000623,3525,-19.985554,6986.580000,33190.600000,5.698818,59.584980
404,3755311,3759161,3760299,1.140000,0.000594,3396,-19.041992,6991.540000,33240.100000,5.854438,64.130435
405,3760299,3764239,3765113,0.870000,0.000622,2791,-20.018618,6996.620000,33290.800000,6.086397,100.000000
406,3765113,3769654,3770835,1.180000,0.000651,3793,-21.025344,7002.030000,33345.000000,5.608413,50.000000
407,3770835,3774463,3775592,1.130000,0.000548,3074,-17.593923,7006.840000,33392.900000,6.089679,46.343874
408,3775592,3779483,3780569,1.090000,0.000595,3239,-19.193079,7011.860000,33442.900000,6.031941,50.000000
409,3780569,3784445,3785596,1.150000,0.000565,3267,-18.218494,7016.820000,33492.400000,6.243372,37.944664
410,3785596,3789154,3790224,1.070000,0.000529,3139,-17.055858,7021.530000,33539.400000,6.357824,60.177866
411,3790224,3794250,3795238,0.990000,0.000589,3476,-19.078196,7026.630000,33590.200000,6.004817,62.944664
412,3795238,3799179,3800095,0.910000,0.000611,3261,-19.857402,7031.560000,33639.400000,5.560546,97.233202
413,3800095,3804529,3805433,0.900000,0.000652,3770,-21.272030,7036.910000,33692.700000,5.578954,93.873518
414,3805433,3809924,3810883,0.960000,0.000629,3564,-20.513430,7042.300000,33746.600000,5.970561,60.671937
415,3810883,3814914,3815994,1.080000,0.000575,3550,-18.725745,7047.290000,33796.600000,5.918923,50.000000
416,3815994,3819648,3820888,1.240000,0.000572,2983,-18.674999,7052.030000,33844.000000,5.991630,63.636364
417,3820888,3824866,3825840,0.980000,0.000624,3045,-20.455593,7057.240000,33895.800000,6.407183,70.750988
418,3825840,3829960,3830884,0.920000,0.000627,3228,-20.578340,7062.340000,33946.700000,5.977575,85.079051
419,3830884,3834872,3836069,1.200000,0.000618,3230,-20.311673,7067.250000,33995.900000,5.508297,47.727273
420,3836069,3839629,3840659,1.030000,0.000539,2837,-17.663877,7072.010000,34043.400000,6.211180,66.798419
421,3840659,3844801,3845687,0.890000,0.000636,3148,-20.993337,7077.180000,34094.800000,6.030491,71.739130
422,3845687,3849682,3850822,1.140000,0.000614,3265,-20.261516,7082.060000,34143.600000,5.584790,56.126482
423,3850822,3854620,3855743,1.120000,0.000583,3257,-19.255421,7087.000000,34193.000000,5.697020,52.173913
424,3855743,3859432,3860468,1.040000,0.000579,3042,-19.138173,7091.810000,34241.000000,5.736075,63.537549
425,3860468,3864204,3865259,1.060000,0.000604,3073,-20.011338,7096.580000,34288.800000,5.632411,115.316206
426,3865259,3869658,3870618,0.960000,0.000653,3567,-21.743049,7102.040000,34343.100000,5.489560,124.703557
427,3870618,3875080,3875818,0.740000,0.000652,3528,-21.722022,7107.460000,34397.200000,5.842633,119.960474
428,3875818,3880112,3880969,0.860000,0.000639,3661,-21.319885,7112.490000,34447.300000,5.723424,166.798419
429,3880969,3885649,3886369,0.720000,0.000687,3494,-23.003280,7118.030000,34502.400000,5.561045,166.600791
430,3886369,3891062,3891808,0.750000,0.000696,3402,-23.343465,7123.440000,34556.700000,5.813570,100.000000
431,3891808,3896108,3896967,0.860000,0.000637,3507,-21.332852,7128.490000,34607.000000,6.016873,87.450593
432,3896967,3901109,3901850,0.740000,0.000639,3202,-21.458944,7133.490000,34656.900000,5.643658,85.474308
433,3901850,3905993,3906923,0.930000,0.000625,3416,-20.984008,7138.370000,34705.600000,6.084331,65.711462
434,3906923,3910646,3911882,1.240000,0.000610,3009,-20.495662,7143.020000,34752.300000,5.720446,42.490119
435,3911882,3915379,3916387,1.010000,0.000540,3038,-18.105804,7147.760000,34799.500000,6.131602,46.837945
436,3916387,3919996,3921038,1.050000,0.000553,2930,-18.574571,7152.370000,34845.400000,5.758645,41.205534
437,3921038,3924664,3925722,1.060000,0.000550,3090,-18.505443,7157.040000,34892.300000,5.924362,55.039526
438,3925722,3929254,3930086,0.830000,0.000606,2931,-20.470817,7161.630000,34937.900000,5.490565,83.003953
439,3930086,3934307,3935205,0.890000,0.000628,3427,-21.262807,7166.690000,34988.400000,5.506112,70.948617
440,3935205,3939189,3940087,0.900000,0.000574,3430,-19.406815,7171.570000,35037.100000,6.014366,71.146245
441,3940087,3944024,3944763,0.740000,0.000583,3393,-19.756123,7176.400000,35085.500000,5.806789,129.743083
442,3944763,3949576,3950308,0.740000,0.000666,3883,-22.690154,7181.950000,35140.600000,5.912186,135.276680
443,3950308,3955059,3955865,0.800000,0.000657,3584,-22.409050,7187.440000,35195.100000,5.116381,107.312253
444,3955865,3960234,3961142,0.910000,0.000630,3342,-21.512357,7192.610000,35246.900000,5.670417,72.035573
445,3961142,3965172,3966024,0.850000,0.000594,3394,-20.266837,7197.550000,35296.300000,5.317796,112.944664
446,3966024,3970634,3971490,0.860000,0.000666,3796,-22.859591,7203.010000,35350.900000,5.568406,129.743083
447,3971490,3975931,3976945,1.010000,0.000672,3384,-23.092014,7208.310000,35403.600000,6.271029,82.905138
448,3976945,3980986,3981936,0.950000,0.000670,2907,-23.063852,7213.360000,35453.200000,5.413556,68.873518
449,3981936,3985880,3986901,1.020000,0.000599,3149,-20.576851,7218.260000,35502.000000,5.981790,55.434783
450,4010983,4104533,4105705,1.170000,0.016796,441,-596.298528,7336.910000,35778.000000,0.605308,598.517787
451,4105705,4108869,4109694,0.820000,0.000614,2615,-21.305020,7341.250000,35821.500000,5.586388,72.233202
452,4109694,4113451,4114227,0.780000,0.000667,2959,-23.247075,7345.830000,35866.800000,6.884903,73.418972
453,4114227,4118018,4118767,0.750000,0.000654,3022,-22.780077,7350.400000,35912.500000,6.522802,55.138340
454,4118767,4122371,4123087,0.720000,0.000610,3185,-21.227987,7354.750000,35956.000000,3.075671,65.909091
455,4123087,4126908,4127596,0.680000,0.000635,3211,-22.177677,7359.290000,36001.200000,5.790973,62.252964
456,4127596,4131523,4132402,0.880000,0.000622,3325,-21.712674,7363.900000,36047.100000,6.037484,68.280632
457,4132402,4136132,4136820,0.690000,0.000664,2918,-23.254794,7368.510000,36093.200000,4.912339,80.335968
458,4136820,4140651,4141491,0.840000,0.000684,2750,-24.017760,7373.030000,36138.500000,2.933473,164.031621
459,4141491,4145849,4146443,0.590000,0.000733,3407,-25.836153,7378.230000,36190.800000,3.584604,118.478261
460,4146443,4150513,4151342,0.830000,0.000685,3405,-24.117341,7382.890000,36237.000000,4.671866,76.581028
461,4151342,4155299,4155988,0.690000,0.000656,3094,-23.108933,7387.680000,36284.600000,11.575053,67.094862
462,4155988,4159632,4160521,0.890000,0.000599,3332,-21.077978,7392.010000,36327.900000,5.333083,71.739130
463,4160521,4164169,4165245,1.070000,0.000635,3101,-22.393239,7396.550000,36373.100000,4.743083,75.197628
464,4165245,4168782,4169774,0.990000,0.000667,2397,-23.612221,7401.160000,36419.000000,6.330527,48.616601
465,4169774,4173082,4174388,1.310000,0.000612,2734,-21.633031,7405.460000,36462.600000,3.929219,34.090909
466,4174388,4177334,4178726,1.390000,0.000567,2252,-19.995877,7409.710000,36504.400000,6.205682,33.794466
467,4178726,4181647,4182995,1.340000,0.000591,2329,-20.895837,7414.030000,36547.600000,5.847477,38.932806
468,4182995,4186101,4187158,1.060000,0.000638,1938,-22.637469,7418.480000,36591.900000,6.876216,40.711462
469,4187158,4190422,4191363,0.940000,0.000578,2846,-20.493152,7422.800000,36634.700000,5.962540,72.332016
470,4191363,4195413,4196407,1.000000,0.000662,3272,-23.574638,7427.790000,36684.500000,5.877007,58.596838
471,4196407,4200193,4201001,0.810000,0.000622,3057,-22.150661,7432.570000,36732.300000,6.302152,64.624506
472,4201001,4204675,4205790,1.120000,0.000601,3178,-21.413210,7437.050000,36777.100000,5.541450,74.901186
473,4205790,4209773,4210683,0.910000,0.000644,3393,-23.010971,7442.150000,36827.600000,5.890292,91.996047
474,4210683,4214863,4215754,0.890000,0.000635,3637,-22.713721,7447.240000,36878.100000,5.387524,125.098814
475,4215754,4219929,4220903,0.970000,0.000690,3348,-24.804619,7452.310000,36928.800000,5.171278,82.213439
476,4220903,4225016,4225999,0.990000,0.000625,3327,-22.425276,7457.390000,36979.600000,5.717970,56.719368
477,4225999,4229632,4230685,1.050000,0.000568,3231,-20.349813,7462.010000,37025.900000,6.052869,68.083004
478,4230685,4234643,4235563,0.920000,0.000605,3359,-21.721985,7467.020000,37075.900000,6.131423,50.988142
479,4235563,4239270,4240088,0.820000,0.000611,3225,-21.974325,7471.650000,37121.800000,6.316142,96.245059
480,4240088,4244374,4245184,0.810000,0.000646,3472,-23.312571,7476.750000,37172.900000,5.841414,77.470356
481,4245184,4249225,4250113,0.890000,0.000630,3393,-22.758370,7481.600000,37221.300000,4.683549,59.189723
482,4250113,4254135,4254960,0.830000,0.000622,3412,-22.505396,7486.510000,37270.200000,6.066838,98.913043
483,4254960,4259080,4259982,0.900000,0.000687,3149,-24.947090,7491.460000,37319.800000,5.837706,94.169960
484,4259982,4264057,4265000,0.940000,0.000644,3440,-23.375690,7496.440000,37369.300000,5.443904,75.988142
485,4265000,4269172,4270013,0.840000,0.000655,3431,-23.824228,7501.550000,37420.400000,7.507452,93.478261
486,4270013,4274088,4275111,1.020000,0.000645,3411,-23.460735,7506.470000,37469.400000,6.048058,55.434783
487,4275111,4278722,4279789,1.070000,0.000614,2879,-22.335878,7511.100000,37515.800000,5.984218,74.011858
488,4279789,4283672,4284696,1.020000,0.000643,3134,-23.466560,7516.050000,37565.200000,5.309735,89.426877
489,4284696,4288882,4289921,1.040000,0.000633,3264,-23.100499,7521.260000,37617.000000,5.114080,60.770751
490,4289921,4293664,4294688,1.030000,0.000549,3268,-19.986938,7526.040000,37664.900000,6.197599,81.126482
491,4294688,4298872,4299722,0.850000,0.000643,3172,-23.547373,7531.250000,37717.000000,6.102471,97.134387
492,4299722,4304048,4305073,1.020000,0.000664,3482,-24.396849,7536.430000,37768.400000,4.535212,53.359684
493,4305073,4308701,4309598,0.900000,0.000607,2908,-22.244554,7541.080000,37815.000000,5.500359,94.367589
494,4309598,4313880,4314841,0.960000,0.000644,3706,-23.699898,7546.260000,37866.400000,5.171518,66.205534
495,4314841,4318708,4319874,1.160000,0.000633,3296,-23.326233,7551.090000,37915.000000,5.201454,61.363636
496,4319874,4323728,4324713,0.980000,0.000611,3249,-22.511110,7556.110000,37964.900000,5.218385,45.652174
497,4324713,4328431,4329438,1.010000,0.000592,3170,-21.815859,7560.810000,38012.000000,5.663449,64.229249
498,4329438,4333380,4334123,0.740000,0.000646,3206,-23.896353,7565.760000,38061.300000,5.622638,143.873518
499,4334123,4338679,4339601,0.920000,0.000685,3609,-25.409219,7571.060000,38114.200000,4.872993,67.490119
500,4339601,4343444,4344399,0.960000,0.000624,3263,-23.124937,7575.820000,38161.700000,5.974239,49.604743
501,4344399,4348086,4348799,0.720000,0.000597,3074,-22.114776,7580.460000,38208.200000,5.773066,94.960474
502,4348799,4352934,4353848,0.920000,0.000677,3382,-25.209792,7585.310000,38256.400000,5.759208,97.134387
503,4353848,4357893,4358674,0.780000,0.000655,3074,-24.381214,7590.270000,38305.700000,6.580040,110.079051
504,4358674,4363002,4363828,0.830000,0.000643,3829,-23.978969,7595.380000,38356.900000,5.982942,116.007905
505,4363828,4368115,4368841,0.730000,0.000673,3510,-25.146891,7600.490000,38407.800000,5.166211,139.229249
506,4368841,4373222,4373942,0.720000,0.000676,3711,-25.306005,7605.600000,38458.700000,4.912690,171.442688
507,4373942,4378462,4379289,0.830000,0.000685,3691,-25.677638,7610.840000,38511.200000,5.308177,87.154150
508,4379289,4383394,4384298,0.910000,0.000640,3543,-24.001695,7615.770000,38560.300000,6.416996,112.648221
509,4384298,4388405,4389288,0.890000,0.000683,3165,-25.673319,7620.780000,38610.300000,4.842764,100.000000
510,4389288,4393568,4394364,0.790000,0.000635,3822,-23.845789,7625.950000,38661.800000,5.878087,108.498024
511,4394364,4398487,4399545,1.050000,0.000663,3075,-24.974708,7630.870000,38711.000000,5.521134,46.936759
512,4399545,4403064,4404095,1.030000,0.000538,3241,-20.151814,7635.440000,38757.000000,5.575318,66.798419
513,4404095,4408262,4409141,0.880000,0.000619,3276,-23.311186,7640.640000,38808.600000,6.065673,53.754941
514,4409141,4413094,4413950,0.860000,0.000618,3027,-23.305239,7645.470000,38857.000000,6.293556,59.683794
515,4413950,4417826,4418854,1.030000,0.000601,3395,-22.700826,7650.200000,38904.200000,5.991201,55.335968
516,4418854,4422677,4423437,0.760000,0.000616,2755,-23.318625,7655.060000,38953.000000,5.934753,77.272727
517,4423437,4427439,4428145,0.700000,0.000614,3525,-23.268939,7659.820000,39000.200000,6.551865,143.478261
518,4428145,4432652,4433433,0.780000,0.000667,3762,-25.366210,7665.030000,39052.000000,5.335968,143.280632
519,4433433,4437822,4438578,0.760000,0.000650,3743,-24.709147,7670.200000,39103.600000,5.255120,159.980237
520,4438578,4443271,4444027,0.760000,0.000665,3835,-25.361792,7675.650000,39158.100000,5.760006,119.169960
521,4444027,4448303,4449028,0.730000,0.000701,3426,-26.804272,7680.680000,39208.300000,5.758175,176.976285
522,4449028,4453784,4454626,0.840000,0.000692,3942,-26.461021,7686.160000,39262.900000,5.077704,134.782609
523,4454626,4458816,4459741,0.930000,0.000638,3742,-24.405606,7691.190000,39313.200000,6.074927,117.193676
524,4459741,4464062,4464907,0.850000,0.000657,3774,-25.162649,7696.440000,39365.700000,5.042520,106.225296
525,4464907,4469028,4469922,0.890000,0.000621,3625,-23.784431,7701.410000,39415.300000,5.635890,75.691700
526,4469922,4473720,4474799,1.080000,0.000616,3160,-23.614824,7706.100000,39462.200000,5.515032,65.316206
527,4474799,4478472,4479351,0.880000,0.000609,3000,-23.371190,7710.850000,39509.600000,6.057950,72.727273
528,4479351,4483295,4484088,0.800000,0.000646,3298,-24.875171,7715.670000,39557.600000,5.000000,97.628458
529,4484088,4488233,4488836,0.600000,0.000659,3469,-25.403885,7720.610000,39606.800000,5.018116,160.968379
530,4488836,4493289,4493919,0.630000,0.000700,3461,-27.055756,7725.670000,39657.200000,5.120041,215.612648
531,4493919,4498504,4499280,0.780000,0.000713,3647,-27.628015,7730.880000,39709.100000,5.558693,202.371542
532,4499280,4503724,4504499,0.780000,0.000697,3731,-27.008919,7736.100000,39761.300000,4.716011,163.636364
533,4504499,4508761,4509565,0.800000,0.000681,3610,-26.429385,7741.140000,39811.600000,6.222513,150.592885
534,4509565,4513917,4514649,0.730000,0.000698,3471,-27.133384,7746.300000,39862.800000,4.556434,194.466403
535,4514649,4519117,4519947,0.830000,0.000710,3640,-27.651375,7751.500000,39914.900000,5.274635,122.134387
536,4519947,4523987,4524728,0.740000,0.000683,3162,-26.595127,7756.370000,39963.600000,6.995403,126.284585
537,4524728,4528849,4529691,0.840000,0.000683,3444,-26.625541,7761.230000,40012.200000,6.315327,118.577075
538,4529691,4533933,4534799,0.870000,0.000679,3413,-26.518341,7766.310000,40062.800000,5.975538,73.221344
539,4534799,4538657,4539518,0.860000,0.000630,3073,-24.584703,7771.040000,40110.200000,5.377014,68.774704
540,4539518,4543434,4544223,0.790000,0.000663,3153,-25.928891,7775.810000,40157.800000,5.354757,66.205534
541,4544223,4548130,4548981,0.850000,0.000636,3074,-24.858172,7780.510000,40204.400000,5.884459,72.233202
542,4548981,4552899,4553856,0.950000,0.000620,3371,-24.267042,7785.280000,40252.200000,5.599045,60.770751
543,4553856,4557817,4558671,0.850000,0.000599,3032,-23.463873,7790.200000,40301.400000,5.365294,57.509881
544,4558671,4562347,4563305,0.950000,0.000596,3165,-23.346414,7794.730000,40346.500000,6.340168,51.284585
545,4563305,4566897,4567844,0.940000,0.000624,2884,-24.512557,7799.280000,40392.100000,5.390316,61.264822
546,4567844,4571670,4572409,0.740000,0.000635,3130,-24.967729,7804.050000,40439.600000,6.083726,88.339921
547,4572409,4576383,4577236,0.850000,0.000641,3427,-25.263537,7808.760000,40486.700000,5.655538,100.000000
548,4577236,4581191,4582031,0.840000,0.000681,3267,-26.901372,7813.570000,40534.700000,4.735578,122.134387
549,4582031,4586236,4587082,0.850000,0.000745,3091,-29.532722,7818.610000,40584.900000,6.111545,113.833992
550,4587082,4591269,4591901,0.630000,0.000702,3393,-27.812925,7823.650000,40635.300000,4.808959,244.664032
551,4591901,4596598,4597273,0.670000,0.000753,3738,-29.925365,7828.980000,40688.200000,4.582052,131.324111
552,4597273,4601550,4602326,0.770000,0.000697,3511,-27.703583,7833.930000,40737.900000,5.637352,116.798419
553,4602326,4606508,4607262,0.750000,0.000683,3243,-27.160303,7838.890000,40787.400000,5.555556,165.909091
554,4607262,4611770,4612522,0.750000,0.000703,3690,-28.005777,7844.150000,40839.800000,3.499341,141.699605
555,4612522,4617001,4617713,0.710000,0.000687,3716,-27.404475,7849.380000,40892.100000,4.711517,145.553360
556,4617713,4621933,4622685,0.750000,0.000710,3293,-28.374992,7854.310000,40941.300000,4.792490,123.418972
557,4622685,4626651,4627593,0.940000,0.000692,3175,-27.675449,7859.030000,40988.600000,5.697318,92.786561
558,4627593,4631634,4632296,0.660000,0.000662,3127,-26.488507,7864.010000,41038.200000,6.728778,130.039526
559,4632296,4636384,4637343,0.960000,0.000678,3274,-27.163012,7868.760000,41085.500000,4.929361,61.363636
560,4637343,4640868,4641681,0.810000,0.000625,3014,-25.028608,7873.250000,41130.500000,5.141263,56.027668
561,4641681,4645226,4646162,0.940000,0.000573,3312,-22.905623,7877.600000,41173.900000,5.693120,55.039526
562,4646162,4649769,4650702,0.930000,0.000587,3233,-23.500610,7882.150000,41219.100000,6.358850,74.901186
563,4650702,4654489,4655120,0.630000,0.000635,3366,-25.529978,7886.870000,41266.200000,4.582811,123.814229
564,4655120,4659394,4660104,0.710000,0.000685,3497,-27.605801,7891.770000,41315.100000,6.562163,111.067194
565,4660104,4664231,4664878,0.650000,0.000695,3416,-28.041886,7896.610000,41363.300000,4.917114,143.379447
566,4664878,4669257,4669902,0.640000,0.000688,3690,-27.806103,7901.640000,41413.600000,5.325189,181.324111
567,4669902,4674464,4675103,0.640000,0.000725,3721,-29.347032,7906.840000,41465.600000,6.265794,187.747036
568,4675103,4679613,4680373,0.760000,0.000703,3652,-28.482654,7911.990000,41516.800000,3.758600,128.260870
569,4680373,4684431,4685175,0.740000,0.000714,3178,-28.985179,7916.810000,41565.000000,4.799873,114.723320
570,4685175,4689366,4690194,0.830000,0.000720,3427,-29.257432,7921.740000,41614.300000,6.075245,100.000000
571,4690194,4694206,4694927,0.730000,0.000711,3045,-28.926189,7926.580000,41662.600000,5.418314,149.209486
572,4694927,4699273,4700078,0.810000,0.000710,3580,-28.917600,7931.650000,41713.300000,5.937837,100.000000
573,4700078,4704112,4705428,1.320000,0.000692,3415,-28.200942,7936.490000,41761.600000,8.383172,588.241107
574,4705428,4710439,4711284,0.840000,0.001524,685,-63.018475,7942.820000,41824.800000,5.075534,79.347826
575,4711284,4714974,4715794,0.820000,0.000704,3179,-28.793846,7947.350000,41870.100000,4.353255,112.055336
576,4715794,4719662,4720374,0.710000,0.000728,3468,-29.830005,7952.040000,41917.000000,4.996294,146.047431
577,4720374,4724619,4725361,0.740000,0.000720,3897,-29.509079,7957.000000,41966.300000,5.370279,167.094862
578,4725361,4729739,4730394,0.650000,0.000700,3858,-28.711332,7962.120000,42017.500000,9.000963,147.826087
579,4730394,4734589,4735378,0.790000,0.000694,3869,-28.483614,7966.970000,42066.000000,5.589819,183.695652
580,4735378,4739877,4740568,0.690000,0.000701,4147,-28.836071,7972.260000,42118.700000,5.096534,200.000000
581,4740568,4745163,4745861,0.700000,0.000734,3975,-30.260098,7977.540000,42171.400000,3.991575,126.581028
582,4745861,4750154,4750852,0.700000,0.000700,3658,-28.872402,7982.530000,42221.300000,6.762893,126.185771
583,4750852,4755121,4755897,0.780000,0.000708,3639,-29.226771,7987.500000,42270.900000,5.148304,83.695652
584,4755897,4759859,4760898,1.040000,0.000675,3397,-27.884839,7992.240000,42318.200000,4.233484,64.920949
585,4760898,4764786,4765498,0.720000,0.000669,3361,-27.663048,7997.160000,42367.500000,4.991995,166.798419
586,4765498,4769842,4770595,0.750000,0.000726,3573,-30.097248,8002.220000,42417.900000,5.238331,118.083004
587,4770595,4774804,4775612,0.810000,0.000697,3499,-28.896955,8007.180000,42467.300000,5.020477,137.549407
588,4775612,4779927,4780680,0.750000,0.000736,3477,-30.581681,8012.310000,42518.500000,5.107824,159.189723
589,4780680,4784959,4785751,0.790000,0.000744,3415,-30.971480,8017.340000,42568.700000,5.001708,129.249012
590,4785751,4790053,4790800,0.750000,0.000697,3531,-29.010002,8022.430000,42619.500000,6.538362,82.905138
591,4790800,4794643,4795364,0.720000,0.000667,3258,-27.766616,8027.020000,42665.500000,4.515125,106.225296
592,4795364,4799467,4800262,0.790000,0.000689,3458,-28.751797,8031.850000,42713.500000,4.670619,89.031621
593,4800262,4804335,4805111,0.780000,0.000655,3414,-27.303953,8036.710000,42762.200000,6.645783,117.687747
594,4805111,4809362,4810043,0.680000,0.000677,3735,-28.301152,8041.740000,42812.500000,5.734220,164.031621
595,4810043,4814554,4815392,0.840000,0.000725,3735,-30.383059,8046.930000,42864.200000,6.637022,150.790514
596,4815392,4819671,4820373,0.700000,0.000733,3366,-30.759125,8052.050000,42915.400000,5.487805,147.035573
597,4820373,4824638,4825390,0.750000,0.000721,3231,-30.289993,8057.020000,42964.800000,5.376344,116.600791
598,4825390,4829418,4830254,0.830000,0.000721,3209,-30.317952,8061.800000,43012.500000,5.321192,94.861660
599,4830254,4834235,4835069,0.840000,0.000700,3319,-29.454058,8066.610000,43060.600000,4.592546,77.667984
600,4835069,4839012,4839872,0.860000,0.000646,3333,-27.137588,8071.390000,43108.300000,5.566126,53.557312
601,4839872,4843477,4844472,0.990000,0.000613,3069,-25.748762,8075.860000,43153.000000,5.627681,47.233202
602,4844472,4847960,4848993,1.030000,0.000594,3028,-24.975387,8080.340000,43197.500000,5.641260,45.948617
603,4848993,4852331,4853327,1.000000,0.000612,3047,-25.783452,8084.710000,43241.400000,4.988951,80.434783
604,4853327,4857058,4858038,0.980000,0.000673,3289,-28.421349,8089.440000,43288.600000,5.758298,65.909091
605,4858038,4861900,4862665,0.760000,0.000627,3431,-26.474946,8094.280000,43336.900000,5.663569,95.158103
606,4862665,4866689,4867602,0.910000,0.000678,3275,-28.736060,8099.070000,43384.600000,5.386642,100.000000
607,4867602,4871644,4872342,0.700000,0.000654,3449,-27.719185,8104.020000,43434.100000,5.234883,123.913043
608,4872342,4876656,4877401,0.750000,0.000668,3636,-28.340735,8109.030000,43484.100000,5.183630,149.604743
609,4877401,4881676,4882559,0.890000,0.000736,2372,-31.333804,8114.050000,43534.300000,5.447671,110.079051
610,4882559,4886316,4887399,1.090000,0.000704,3224,-30.001418,8118.690000,43580.600000,4.785004,123.418972
611,4887399,4891637,4892491,0.850000,0.000705,3373,-30.079232,8124.020000,43633.800000,4.400465,94.268775
612,4892491,4896520,4897378,0.860000,0.000676,3294,-28.852915,8128.900000,43682.600000,5.847107,89.031621
613,4897378,4901331,4902236,0.900000,0.000657,3378,-28.016599,8133.710000,43730.500000,5.185394,93.478261
614,4902236,4906117,4907002,0.880000,0.000662,3337,-28.282410,8138.500000,43778.200000,4.536305,111.857708
615,4907002,4911059,4911788,0.730000,0.000666,3416,-28.509849,8143.440000,43827.600000,5.614973,164.525692
616,4911788,4916208,4916820,0.610000,0.000704,3793,-30.176437,8148.590000,43878.700000,5.510540,188.932806
617,4916820,4921251,4922036,0.780000,0.000718,3825,-30.866974,8153.630000,43929.200000,5.292896,151.877470
618,4922036,4926355,4927150,0.800000,0.000685,3545,-29.442737,8158.730000,43980.100000,5.405405,140.217391
619,4927150,4931440,4932319,0.880000,0.000714,3569,-30.729451,8163.820000,44030.800000,4.473899,86.462451
620,4932319,4936096,4936987,0.900000,0.000675,3148,-29.078438,8168.470000,44077.500000,4.777157,83.399209
621,4936987,4940843,4941700,0.860000,0.000677,3159,-29.187820,8173.220000,44124.800000,6.049733,94.466403
622,4941700,4945771,4946606,0.830000,0.000679,3151,-29.294887,8178.150000,44174.100000,6.064998,67.687747
623,4946606,4950394,4951365,0.970000,0.000644,3226,-27.782969,8182.770000,44220.200000,5.488259,48.122530
624,4951365,4954618,4955587,0.970000,0.000614,2684,-26.468799,8187.000000,44262.500000,5.684889,46.739130
625,4955587,4959162,4959927,0.770000,0.000607,3138,-26.202017,8191.540000,44307.700000,5.886123,62.549407
626,4959927,4963669,4964560,0.890000,0.000615,3393,-26.585497,8196.050000,44352.900000,5.335305,60.869565
627,4964560,4968290,4969087,0.800000,0.000643,3162,-27.854815,8200.670000,44398.800000,5.441370,85.276680
628,4969087,4973019,4973782,0.760000,0.000650,3549,-28.175829,8205.400000,44445.800000,5.970522,122.628458
629,4973782,4978052,4978649,0.600000,0.000664,3556,-28.871883,8210.430000,44495.900000,6.771520,157.312253
630,4978649,4982844,4983564,0.720000,0.000688,3680,-29.940985,8215.220000,44544.100000,5.498201,171.343874
631,4983564,4987911,4988605,0.690000,0.000741,3587,-32.329265,8220.290000,44594.500000,4.838710,181.521739
632,4988605,4993081,4993681,0.600000,0.000730,3698,-31.891117,8225.460000,44646.100000,5.932654,204.150198
633,4993681,4998249,4998925,0.670000,0.000744,3850,-32.546453,8230.630000,44697.800000,4.610903,134.387352
634,4998925,5003151,5003954,0.800000,0.000710,3375,-31.059390,8235.530000,44746.700000,6.277479,112.351779
635,5003954,5007897,5008761,0.860000,0.000733,3004,-32.152162,8240.280000,44794.200000,5.842511,93.774704
636,5008761,5012969,5013646,0.670000,0.000674,3500,-29.534576,8245.350000,44844.700000,5.601411,100.494071
637,5013646,5017716,5018478,0.770000,0.000711,3328,-31.205636,8250.090000,44891.900000,4.716981,97.332016
638,5018478,5022363,5023176,0.810000,0.000689,3394,-30.250783,8254.740000,44938.500000,4.358289,126.581028
639,5023176,5027335,5028093,0.760000,0.000715,3539,-31.462767,8259.710000,44988.200000,5.316575,92.391304
640,5028093,5032157,5033112,0.950000,0.000692,3279,-30.485208,8264.540000,45036.400000,5.307542,58.794466
641,5033112,5036541,5037548,1.010000,0.000648,2762,-28.532027,8268.920000,45080.200000,5.224732,45.059289
642,5037548,5041010,5041872,0.860000,0.000618,2963,-27.207057,8273.390000,45124.700000,5.691560,72.332016
643,5041872,5045463,5046367,0.910000,0.000689,3039,-30.409144,8277.840000,45169.200000,5.225104,76.679842
644,5046367,5050243,5051078,0.840000,0.000664,3283,-29.309879,8282.620000,45217.000000,5.627344,83.498024
645,5051078,5054896,5055707,0.820000,0.000687,2975,-30.384280,8287.270000,45263.200000,5.192726,77.075099
646,5055707,5059514,5060272,0.760000,0.000649,3195,-28.722127,8291.890000,45309.500000,5.102480,85.968379
647,5060272,5064068,5064873,0.800000,0.000649,3402,-28.766249,8296.450000,45354.900000,5.610930,119.960474
648,5064873,5068945,5069694,0.750000,0.000692,3552,-30.737604,8301.320000,45403.400000,6.698442,125.098814
649,5069694,5073863,5074593,0.730000,0.000714,3527,-31.760412,8306.240000,45452.500000,3.013834,186.660079
650,5074593,5079003,5079762,0.760000,0.000725,3745,-32.294756,8311.380000,45503.400000,4.789584,165.612648
651,5079762,5084106,5084793,0.690000,0.000728,3563,-32.466781,8316.480000,45554.500000,4.594220,134.584980
652,5084793,5088895,5089620,0.730000,0.000729,3542,-32.544691,8321.270000,45602.100000,5.137177,131.324111
653,5089620,5093667,5094301,0.630000,0.000725,2962,-32.391203,8326.050000,45650.000000,4.621871,131.620553
654,5094301,5098565,5099279,0.720000,0.000713,3549,-31.881441,8330.940000,45698.800000,4.935011,102.964427
655,5099279,5103186,5103965,0.780000,0.000692,3436,-30.965632,8335.560000,45745.200000,4.996091,123.913043
656,5103965,5108083,5108863,0.780000,0.000709,3534,-31.770999,8340.460000,45793.800000,5.489560,110.671937
657,5108863,5112938,5113678,0.740000,0.000713,3367,-31.982466,8345.320000,45842.400000,7.219321,118.379447
658,5113678,5117868,5118493,0.620000,0.000716,3530,-32.155977,8350.250000,45891.300000,5.975590,155.830040
659,5118493,5122950,5123626,0.670000,0.000729,3721,-32.788572,8355.330000,45942.300000,5.393375,105.928854
660,5123626,5127508,5128345,0.830000,0.000708,3211,-31.875783,8359.890000,45987.700000,5.547849,119.664032
661,5128345,5132334,5133064,0.730000,0.000721,3206,-32.493102,8364.710000,46036.000000,4.812463,129.347826
662,5133064,5137241,5137940,0.700000,0.000689,3682,-31.074484,8369.620000,46084.900000,5.367116,143.280632
663,5137940,5142132,5142754,0.620000,0.000723,3415,-32.650902,8374.510000,46133.600000,5.463424,198.913043
664,5142754,5147213,5147874,0.660000,0.000748,3743,-33.852521,8379.590000,46184.300000,5.702162,173.517787
665,5147874,5152261,5153213,0.950000,0.000726,3667,-32.887827,8384.640000,46234.800000,5.501902,100.000000
666,5153213,5157127,5157989,0.860000,0.000697,3216,-31.544935,8389.510000,46283.300000,4.817379,75.296443
667,5157989,5161642,5162517,0.880000,0.000663,3055,-30.046041,8394.020000,46328.600000,5.367620,83.596838
668,5162517,5166374,5167193,0.820000,0.000715,3129,-32.486100,8398.750000,46375.700000,5.489679,106.027668
669,5167193,5171121,5171908,0.790000,0.000702,3032,-31.892312,8403.500000,46423.200000,5.477273,111.857708
670,5171908,5176032,5176863,0.830000,0.000722,3366,-32.870823,8408.410000,46472.000000,4.889156,81.719368
671,5176863,5180501,5181358,0.860000,0.000674,3143,-30.645651,8412.880000,46516.700000,5.958103,76.778656
672,5181358,5185186,5186094,0.910000,0.000692,3430,-31.510978,8417.560000,46563.500000,5.814334,55.928854
673,5186094,5189596,5190461,0.870000,0.000617,3169,-28.070523,8421.970000,46607.600000,5.026877,68.181818
674,5190461,5194245,5195010,0.770000,0.000680,3242,-31.031024,8426.620000,46653.900000,5.537847,120.158103
675,5195010,5198894,5199742,0.850000,0.000735,3127,-33.632321,8431.270000,46700.300000,6.042173,98.517787
676,5199742,5203643,5204373,0.730000,0.000705,3359,-32.274288,8436.020000,46747.800000,5.632411,120.849802
677,5204373,5208220,5208999,0.780000,0.000730,3383,-33.447891,8440.600000,46793.300000,5.650008,150.197628
678,5208999,5213231,5213905,0.670000,0.000741,3589,-34.003422,8445.610000,46843.400000,5.213343,129.743083
679,5213905,5217920,5218683,0.760000,0.000739,3338,-33.968602,8450.300000,46890.200000,5.132470,89.426877
680,5218683,5222547,5223469,0.920000,0.000686,3170,-31.520943,8454.930000,46936.400000,5.899400,106.521739
681,5223469,5227277,5228360,1.080000,0.000723,3115,-33.291086,8459.660000,46983.800000,5.664750,49.802372
682,5228360,5231857,5232678,0.820000,0.000670,2754,-30.827373,8464.240000,47029.500000,5.979621,89.624506
683,5232678,5236623,5237369,0.750000,0.000722,3330,-33.297251,8469.000000,47076.900000,4.420225,115.909091
684,5237369,5241247,5242116,0.860000,0.000691,3261,-31.887883,8473.630000,47123.200000,5.958095,113.833992
685,5242116,5246068,5246879,0.810000,0.000714,3364,-32.978769,8478.450000,47171.300000,5.364656,121.146245
686,5246879,5251016,5251749,0.740000,0.000733,3414,-33.922568,8483.390000,47220.600000,4.362217,116.600791
687,5251749,5255552,5256362,0.810000,0.000717,2845,-33.214220,8487.930000,47265.900000,5.233202,83.399209
688,5256362,5260078,5260854,0.770000,0.000684,3194,-31.686076,8492.460000,47311.300000,5.312194,75.889328
689,5260854,5264649,5265485,0.830000,0.000676,3159,-31.322081,8497.030000,47357.100000,4.841897,68.972332
690,5265485,5269010,5270037,1.030000,0.000680,3129,-31.534111,8501.390000,47400.500000,6.172219,52.075099
691,5270037,5273428,5274353,0.920000,0.000663,2841,-30.769307,8505.810000,47444.600000,5.588312,81.422925
692,5274353,5278038,5278999,0.960000,0.000694,3157,-32.253915,8510.420000,47490.600000,4.863856,86.956522
693,5278999,5282655,5283537,0.890000,0.000679,3214,-31.600230,8515.030000,47536.700000,4.971726,81.126482
694,5283537,5287226,5288058,0.840000,0.000662,3244,-30.797542,8519.600000,47582.100000,5.257873,83.596838
695,5288058,5291821,5292683,0.860000,0.000696,3154,-32.456483,8524.200000,47628.000000,6.116518,82.213439
696,5292683,5296510,5297359,0.850000,0.000704,3246,-32.862677,8528.890000,47674.900000,5.482042,66.798419
697,5297359,5301041,5301852,0.810000,0.000685,2853,-31.973177,8533.420000,47720.200000,5.604287,68.873518
698,5301852,5305521,5306482,0.960000,0.000716,3025,-33.490055,8537.900000,47764.900000,5.275500,62.549407
699,5306482,5310109,5311004,0.890000,0.000677,3046,-31.664885,8542.490000,47810.500000,4.803077,69.169960
700,5311004,5314488,5315290,0.800000,0.000663,3113,-31.041597,8546.870000,47854.300000,5.706522,139.130435
701,5315290,5319508,5320184,0.670000,0.000759,3337,-35.645797,8551.890000,47904.300000,4.360715,164.723320
702,5320184,5324275,5324979,0.710000,0.000745,3393,-35.030857,8556.650000,47951.700000,4.249012,139.920949
703,5324979,5329155,5329884,0.730000,0.000732,3546,-34.437582,8561.530000,48000.300000,6.384258,113.043478
704,5329884,5333818,5334693,0.870000,0.000689,3265,-32.429089,8566.200000,48047.000000,5.141011,88.537549
705,5334693,5338407,5339160,0.750000,0.000695,2949,-32.711810,8570.790000,48092.700000,4.811823,81.521739
706,5339160,5342894,5343681,0.790000,0.000673,3162,-31.691594,8575.270000,48137.700000,5.821805,87.648221
707,5343681,5347471,5348425,0.950000,0.000694,3336,-32.729935,8579.850000,48183.400000,4.539876,74.901186
708,5348425,5352238,5353008,0.770000,0.000676,3201,-31.922927,8584.620000,48230.800000,5.479529,105.237154
709,5353008,5356946,5357689,0.750000,0.000706,3414,-33.391414,8589.320000,48277.800000,5.247313,88.537549
710,5357689,5361612,5362489,0.880000,0.000668,3529,-31.580295,8593.990000,48324.500000,4.915813,66.501976
711,5362489,5365932,5366740,0.810000,0.000670,3030,-31.692273,8598.310000,48367.700000,5.367459,115.415020
712,5366740,5370773,5371508,0.740000,0.000704,3396,-33.380155,8603.150000,48416.100000,5.336947,106.521739
713,5371508,5375368,5376210,0.840000,0.000695,3410,-32.973654,8607.750000,48462.000000,5.629323,81.126482
714,5376210,5379785,5380616,0.830000,0.000676,3025,-32.094792,8612.160000,48506.000000,4.767551,100.000000
715,5380616,5384463,5385141,0.680000,0.000692,3353,-32.905289,8616.840000,48552.600000,5.436403,170.948617
716,5385141,5389497,5390190,0.690000,0.000759,3513,-36.203080,8621.880000,48602.800000,4.130435,166.897233
717,5390190,5394300,5395089,0.790000,0.000766,3441,-36.553468,8626.680000,48650.800000,5.310191,150.988142
718,5395089,5399178,5399961,0.780000,0.000749,3188,-35.782445,8631.560000,48699.200000,5.697628,94.466403
719,5399961,5403553,5404537,0.990000,0.000691,2965,-32.987160,8635.930000,48743.000000,4.724144,88.537549
720,5404537,5408248,5409025,0.770000,0.000699,3082,-33.392164,8640.630000,48790.000000,5.065816,78.260870
721,5409025,5412772,5413720,0.950000,0.000716,3229,-34.268165,8645.150000,48835.200000,4.842681,83.695652
722,5413720,5417348,5418116,0.760000,0.000719,2818,-34.454777,8649.730000,48881.000000,5.060822,93.083004
723,5418116,5422072,5422951,0.880000,0.000707,3242,-33.885988,8654.450000,48927.700000,4.994610,86.264822
724,5422951,5426647,5427554,0.900000,0.000690,3338,-33.113506,8659.030000,48973.200000,5.794180,93.774704
725,5427554,5431346,5432210,0.870000,0.000677,3263,-32.490749,8663.720000,49020.100000,6.212053,108.596838
726,5432210,5436243,5437059,0.820000,0.000721,3329,-34.665175,8668.620000,49068.900000,5.489130,110.177866
727,5437059,5441064,5441701,0.640000,0.000724,3211,-34.853556,8673.440000,49116.900000,6.525033,122.134387
728,5441701,5445748,5446489,0.740000,0.000732,3421,-35.305386,8678.130000,49163.600000,5.737214,125.790514
729,5446489,5450323,5451087,0.770000,0.000746,3152,-36.009427,8682.700000,49209.400000,4.364114,112.351779
730,5451087,5455007,5455679,0.670000,0.000732,3336,-35.348590,8687.390000,49256.200000,5.232449,128.853755
731,5455679,5459906,5460649,0.750000,0.000713,3724,-34.483032,8692.280000,49305.100000,4.817768,127.865613
732,5460649,5464657,5465483,0.820000,0.000734,3378,-35.540023,8697.040000,49352.600000,5.226795,73.913043
733,5465483,5469022,5470018,1.000000,0.000669,2913,-32.376629,8701.400000,49396.300000,6.378433,44.762846
734,5470018,5473351,5474220,0.870000,0.000610,2868,-29.491719,8705.730000,49439.400000,6.203948,59.189723
735,5474220,5477760,5478592,0.830000,0.000653,3051,-31.645566,8710.140000,49483.500000,4.848738,77.470356
736,5478592,5482364,5483107,0.750000,0.000671,3325,-32.554419,8714.740000,49529.400000,7.847296,143.675889
737,5483107,5487193,5487956,0.760000,0.000731,3463,-35.539433,8719.570000,49577.500000,4.570792,156.521739
738,5487956,5492047,5492856,0.800000,0.000762,3379,-37.127902,8724.430000,49625.900000,5.722343,126.284585
739,5492856,5496652,5497489,0.840000,0.000757,3146,-36.915955,8729.030000,49672.000000,4.863421,103.853755
