MaxFrictionRow,MinFrictionRow
937083,940776
943728,947743
950241,954685
957826,961579
964840,968600
971775,975724
977828,981738
984884,988723
991307,995330
997805,1001067
1005358,1007987
1011442,1015022
1018198,1021970
1025176,1028406
1032118,1034512
1038872,1041147
1045675,1048031
1052774,1054899
1059997,1061885
1067294,1069284
1075101,1076920
1082812,1084473
1091236,1092922
1099429,1100965
1108005,1109254
1116574,1118132
1125210,1126585
1134150,1135498
1144453,1146060
1152082,1153163
1161179,1162243
1170688,1172005
1179783,1181031
1189245,1190256
1199466,1200695
1209341,1210642
1219153,1220207
1229213,1230307
1239064,1240235
1249190,1250131
1258824,1259740
1269082,1270070
1278977,1279951
1288614,1289648
1298434,1299324
1308703,1309705
1317843,1318712
1327801,1328720
1337675,1338659
1347344,1348430
1357456,1358337
1367124,1368013
1377119,1378172
1387178,1387888
1397096,1397816
1406471,1407335
1416694,1417425
1426684,1427570
1436766,1437690
1447002,1447732
1538202,1546888
1555477,1556005
1565250,1565957
1574745,1575511
1585038,1585733
1594445,1595038
1604452,1605209
1613900,1614606
1623306,1623912
1632954,1633495
1642316,1642996
1651775,1652315
1661779,1662450
1671858,1672389
1681692,1682436
1691790,1692489
1702097,1702621
1712010,1712509
1721812,1722506
1731687,1732262
1742086,1742672
1752256,1752808
1762235,1762806
1772360,1772877
1782915,1783508
1793414,1794055
1802388,1803866
1813776,1814314
1824660,1825147
1835723,1836176
1846201,1846845
1856871,1857838
1867824,1868333
1878230,1878773
1888190,1888810
1898650,1899150
1914102,1909932
1920000,1920608
1929922,1930578
1940748,1941269
1951317,1951943
1962314,1962843
1972761,1973382
1983767,1984247
1994404,1995025
2005448,2006030
2016379,2016756
2027125,2027664
2037462,2037844
2047657,2048320
2057913,2058360
2068829,2069441
2080173,2080687
2091464,2092038
2102436,2102875
2113738,2114226
2125071,2125442
2135712,2136307
2146230,2146791
2157472,2157964
2168296,2168699
2179467,2179934
2189555,2191233
2201688,2202092
2212798,2213270
2224680,2225127
2236228,2236720
2246889,2247420
2258121,2258639
2268667,2269205
2279322,2279841
2290434,2290868
2300457,2300872
2311439,2311879
2322350,2322725
2333247,2333727
2344079,2344768
2355681,2356214
2655691,2626575
2680743,2681018
2690211,2690896
2700449,2700997
2711326,2711717
2721792,2722444
2732680,2733164
2743382,2743922
2754196,2754707
2765190,2765647
2775997,2776432
2787449,2787892
2799183,2799512
2809909,2810275
2820680,2821094
2831993,2832571
2842673,2843039
2852857,2853340
2863394,2863907
2874007,2874654
2884270,2884798
2894652,2894974
2905384,2905793
2914913,2915503
2926008,2926462
2936473,2936948
2947448,2947900
2957821,2958330
2968940,2969292
2979305,2979896
2989682,2990206
3000092,3000574
3011117,3011603
3018483,3022699
3032754,3033172
3043844,3044276
3054257,3054816
3065726,3066232
3076635,3076939
3087194,3087885
3098057,3098510
3108107,3108544
3119067,3119629
3129633,3130026
3140432,3141113
3150698,3151326
3160665,3161180
3170904,3171494
3180801,3181195
3191193,3191485
3200670,3200979
3210898,3211301
3221477,3221911
3232123,3232655
3242284,3242656
3252683,3253138
3263732,3264069
3274311,3274736
3284437,3284905
3294820,3295299
3305456,3305927
3315458,3315995
3325855,3326360
3335385,3335978
3345351,3345760
3355454,3355828
3366449,3366924
3376714,3377402
3387899,3388319
3398181,3398503
3408470,3408897
3418901,3419348
3428989,3429366
3439155,3439500
3449647,3450131
3459625,3460233
3470433,3470816
3480316,3480725
3491083,3491619
3500696,3501038
3511484,3511953
3521656,3522166
3532185,3532516
3541686,3542087
3551913,3552306
3563287,3562647
3572358,3572775
3582667,3583347
3592317,3592670
3601769,3602229
3612798,3613237
3622668,3623219
3633271,3633760
3643251,3643591
3653122,3653507
3662670,3663116
3673069,3673449
3683626,3684036
3693667,3693981
3703669,3704259
3713931,3714391
3724052,3724467
3733638,3734112
3743634,3744156
3754123,3754545
3764143,3764686
3774130,3774582
3785030,3785412
3794635,3795028
3804712,3805273
3814766,3815421
3825009,3825513
3835244,3835704
3845442,3845964
3855067,3855483
3864751,3865327
3874953,3875362
3884966,3885388
3895169,3895572
3906039,3906497
3916633,3916944
3926653,3926896
3936347,3936729
3946134,3946513
3955371,3955791
3964960,3965323
3974866,3975267
3984153,3984547
3994663,3994985
4004683,4005153
4014662,4015004
4024607,4024926
4034178,4034497
4044661,4045110
4051182,4055834
4253262,4261503
4271318,4271608
4281760,4282113
4292245,4292563
4302742,4303076
4313416,4313839
4323094,4323444
4333300,4333805
4343700,4343959
4353818,4354606
4364702,4365023
4375709,4376082
4386022,4386444
4395727,4396069
4405321,4405652
4415657,4416120
4424640,4425170
4434946,4435503
4444879,4445189
4454710,4455166
4464924,4465271
4475706,4475947
4485990,4486290
4496746,4497215
4505770,4506195
4516687,4517298
4526839,4527131
4536615,4537066
4546334,4546911
4556394,4556782
4566391,4566870
4576750,4577199
4586972,4587355
4597082,4597503
4606995,4607517
4617232,4617682
4626688,4627294
4637455,4637915
4647036,4647491
4656397,4656820
4666849,4667284
4677449,4678071
4687625,4687960
4697083,4697519
4707029,4707516
4717744,4718170
4727699,4728013
4738081,4738496
4747714,4748249
4757647,4758089
4767453,4767795
4776641,4777081
4786459,4786814
4797767,4798099
4808445,4809021
4818198,4818673
4828251,4828793
4838017,4838663
4847690,4848378
4857648,4858169
4867644,4868049
4877350,4877859
4887179,4887493
4898051,4898505
4908106,4908506
4917901,4918274
4928307,4928664
4937968,4938328
4947336,4947733
4957190,4957541
4967622,4968165
4977667,4978124
4987103,4987509
4997266,4997804
5007898,5008508
5018294,5018619
5028423,5028917
5038422,5038881
5049021,5049360
5058686,5059123
5068338,5068794
5078088,5078502
5088453,5089034
5098418,5098884
5109206,5109585
5118938,5119248
5129170,5129599
5139381,5139814
5149063,5149516
5159277,5159678
5169117,5169605
5179081,5179504
5189645,5190151
5199233,5199696
5209102,5209498
5219004,5219520
5229209,5229524
5238623,5239301
5249092,5249500
5259073,5259436
5268981,5269468
5279826,5280273
5289301,5289705
5298852,5299508
5308905,5309441
5318845,5319283
5328667,5329151
5338711,5339126
5348305,5348741
5357634,5358160
5367327,5367794
5377629,5378046
5386445,5386912
5396259,5396678
5405921,5406296
5415448,5415952
5425320,5425746
5434652,5434982
5444944,5445425
5455121,5455525
5464637,5465143
5474687,5475057
5484638,5485023
5493721,5494340
5503989,5504385
5512638,5512998
5522686,5523082
5532655,5533100
5542102,5542507
5552168,5552597
5561626,5562196
5571005,5571408
5580744,5581385
5590757,5591222
5600839,5601312
5609985,5610493
5620458,5620949
5630084,5630506
5639632,5640076
5648967,5649509
5658387,5658790
