number of records = 431328
            col 1       col 2       col 3       col 4       col 5       col 6       col 9       col 10       col 12       col 13
          LP_Disp  Shr_stress    nor_disp  Nor_stress        Time    On_Board   Samp_Freq          mu layer_thick   mod_mu1_r
              mic         MPa      micron         MPa         sec      micron          Hz           .      micron           .
      431328 recs 431328 recs 431328 recs 431328 recs 431328 recs 431328 recs 431328 recs 431328 recs 431328 recs 431328 recs
 95679      4799.48     5.52503    -769.533     8.00236     2623.73     4198.21         100    0.690425     2019.77       0.687
 95680      4799.54     5.51073    -769.519      8.0006     2623.87     4198.48         100     0.68879     2019.76       0.687
 95681      4799.77      5.4955    -769.572     8.00135     2623.94      4198.4         100    0.686822     2019.79       0.687
 95682      4799.81     5.46758     -769.52     8.00125     2624.01     4198.38         100     0.68334     2019.76       0.687
 95683      4799.86      5.4554    -769.543     8.00103     2624.03     4198.47         100    0.681838     2019.77       0.687
 95684      4799.92     5.44819    -769.578     8.00154     2624.04     4198.43         100    0.680893     2019.79       0.687
 95685      4800.05     5.52927    -769.433     8.00351     2624.22     4198.61         100    0.690856     2019.72       0.687
 95686      4800.36     5.51893    -769.359     8.00142     2624.27     4199.13         100    0.689744     2019.68       0.687
 95687      4800.45     5.48948    -769.416      8.0009     2624.34     4199.09         100    0.686108     2019.71       0.687
 95688      4800.45     5.47798    -769.548     8.00184     2624.36     4199.04         100     0.68459     2019.77       0.687
 95689      4800.69     5.52691    -769.375     8.00125     2624.69     4199.47         100    0.690756     2019.69       0.687
 95690      4800.72     5.51975    -769.515     8.00081     2624.72     4199.74         100    0.689899     2019.76       0.687
 95691      4800.96      5.5143    -769.534     8.00005     2624.74     4199.66         100    0.689284     2019.77       0.687
 95692      4801.19     5.48657     -769.55     8.00026     2624.81     4199.63         100      0.6858     2019.78       0.687
 95693       4801.5     5.52781    -769.483     8.00178     2625.21     4200.19         100    0.690822     2019.74       0.687
 95694      4801.61     5.51021    -769.354     8.00049     2625.28     4200.38         100    0.688734     2019.68       0.687
 95695      4801.67     5.48773    -769.374       8.001     2625.33     4200.41         100     0.68588     2019.69       0.687
 95696      4801.69     5.47415    -769.443     8.00079     2625.35      4200.5         100    0.684201     2019.72       0.687
 95697      4801.75     5.52697    -769.264      8.0025     2625.68     4200.47         100    0.690656     2019.63       0.687
 95698      4801.88     5.53037    -769.258     8.00083     2625.75      4200.9         100    0.691224     2019.63       0.687
 95699      4801.92     5.52873    -769.305     8.00127     2625.84     4200.96         100    0.690981     2019.65       0.687
 95700      4801.98     5.52204    -769.364     8.00171     2625.89     4200.99         100    0.690107     2019.68       0.687
 95701      4802.23     5.50939    -769.418     8.00133     2625.96     4200.93         100    0.688559     2019.71       0.687
 95702      4802.33     5.48553    -769.394     8.00101     2626.01     4200.94         100    0.685605      2019.7       0.687
 95703       4802.6     5.47063    -769.447     8.00006     2626.03     4201.01         100    0.683824     2019.72       0.687
 95704       4802.8      5.5109    -769.366      8.0005     2626.29     4201.24         100     0.68882     2019.68       0.687
 95705      4802.82     5.50046    -769.328     7.99962     2626.31     4201.19         100     0.68759     2019.66       0.687
 95706      4802.94     5.47459     -769.42     7.99973     2626.36     4201.19         100    0.684347     2019.71       0.687
 95707      4802.96     5.53029    -769.291     8.00222     2626.69     4201.75         100    0.691095     2019.65       0.687
 95708      4803.21     5.53208    -769.401     8.00235     2626.71     4201.93         100    0.691307      2019.7       0.687
 95709      4803.36     5.51048    -769.429     8.00141     2626.83     4202.16         100    0.688689     2019.71       0.687
 95710      4803.41      5.5046    -769.203     8.00083     2626.85     4202.28         100    0.688004      2019.6       0.687
 95711      4803.49     5.48124    -769.366     8.00047      2626.9     4202.28         100    0.685115     2019.68       0.687
 95712      4803.76     5.53462    -769.297      8.0029     2627.21     4202.11         100    0.691576     2019.65       0.687
 95713      4803.94     5.53053    -769.278     8.00232     2627.23     4202.25         100    0.691115     2019.64       0.687
 95714      4803.99     5.51024     -769.26     8.00094      2627.3     4202.45         100    0.688699     2019.63       0.687
 95715         4804     5.48383    -769.226     8.00115     2627.35     4202.46         100    0.685379     2019.61       0.687
 95716      4804.24     5.46856    -769.115      8.0006     2627.37     4202.46         100     0.68352     2019.56       0.687
 95717      4804.28     5.53033    -769.367     8.00169      2627.7     4202.83         100    0.691145     2019.68       0.687
 95718      4804.39     5.53133    -769.273     8.00139     2627.75     4203.36         100    0.691297     2019.64       0.687
 95719      4804.61     5.52654    -769.294     8.00082     2627.77     4203.42         100    0.690747     2019.65       0.687
 95720      4804.71     5.50006    -769.221     8.00072     2627.84     4203.37         100    0.687446     2019.61       0.687
 95721      4804.75     5.44846    -769.277     8.00087     2627.91      4203.3         100    0.680984     2019.64       0.687
 95722      4804.97     5.52952    -769.163      8.0019     2628.22     4203.57         100    0.691026     2019.58       0.687
 95723       4805.1     5.52381    -769.223     8.00023     2628.24     4203.57         100    0.690456     2019.61       0.687
 95724      4805.41     5.50208    -769.139     8.00136     2628.31     4203.59         100    0.687643     2019.57       0.687
 95725      4805.43     5.45764    -769.156     7.99976     2628.38     4203.66         100    0.682226     2019.58       0.687
 95726      4805.74     5.52361    -769.179     8.00133     2628.71     4204.15         100    0.690336     2019.59       0.687
 95727       4805.8     5.51976    -769.213     8.00146     2628.73     4204.25         100    0.689845     2019.61       0.687
 95728      4805.89     5.50132    -769.305     8.00109     2628.78     4204.28         100    0.687572     2019.65       0.687
 95729      4805.97     5.45807    -769.163     8.00057     2628.85     4204.37         100     0.68221     2019.58       0.687
 95730      4806.03     5.52686    -768.913     8.00257     2629.23     4204.71         100    0.690636     2019.46       0.687
 95731      4806.15     5.52449    -769.103     8.00161     2629.25     4204.91         100    0.690422     2019.55       0.687
 95732      4806.18     5.51524     -769.11     8.00159     2629.32        4205         100    0.689268     2019.56       0.687
 95733      4806.19      5.5017    -768.963      8.0008     2629.37     4204.99         100    0.687644     2019.48       0.687
 95734      4806.39     5.49328    -768.913     8.00043     2629.39     4204.91         100    0.686623     2019.46       0.687
 95735      4806.67     5.46314    -769.106     8.00115     2629.46     4204.83         100    0.682794     2019.55       0.687
 95736      4806.83     5.53032    -769.083     8.00125     2629.72     4205.48         100    0.691182     2019.54       0.687
 95737      4806.86     5.52571    -769.038     8.00046     2629.74     4205.51         100    0.690674     2019.52       0.687
 95738      4806.89     5.51201    -769.043     8.00062     2629.81     4205.54         100    0.688948     2019.52       0.687
 95739         4807     5.49702    -769.065     8.00103     2629.86     4205.55         100    0.687039     2019.53       0.687
 95740      4807.11     5.48909    -769.113     8.00103     2629.88     4205.58         100    0.686049     2019.56       0.687
 95741      4807.13     5.47168    -769.057     8.00009     2629.91     4205.55         100    0.683952     2019.53       0.687
 95742      4807.42     5.45627     -769.12     7.99968     2629.93     4205.59         100    0.682061     2019.56       0.687
 95743      4807.62     5.51898    -768.958     8.00027     2630.26     4205.88         100    0.689849     2019.48       0.687
 95744      4807.66     5.51289     -769.05     8.00163     2630.28     4205.96         100    0.688971     2019.53       0.687
 95745      4807.72     5.49442    -768.996      8.0002     2630.33     4205.98         100    0.686785      2019.5       0.687
 95746      4807.84     5.45421    -768.981     8.00089      2630.4      4206.1         100    0.681701     2019.49       0.687
 95747      4808.22     5.52987    -769.047     8.00122     2630.68     4206.44         100    0.691128     2019.52       0.687
 95748      4808.32     5.50414    -768.835     7.99982     2630.75     4206.77         100    0.688033     2019.42       0.687
 95749      4808.57     5.47482    -769.045     7.99978      2630.8     4206.78         100    0.684371     2019.52       0.687
 95750      4808.65     5.53478    -768.866      8.0026      2631.2     4207.06         100    0.691622     2019.43       0.687
 95751      4808.72     5.51576    -768.904     8.00107     2631.27     4207.62         100    0.689378     2019.45       0.687
 95752      4808.82     5.50869     -769.07      8.0011     2631.29     4207.55         100    0.688491     2019.53       0.687
 95753      4808.85     5.49133    -768.956      8.0001     2631.32     4207.65         100    0.686408     2019.48       0.687
 95754      4809.18      5.4754     -768.96     8.00051     2631.34     4207.56         100    0.684382     2019.48       0.687
 95755      4809.22        5.53    -768.884     8.00201     2631.74     4207.96         100    0.691076     2019.44       0.687
 95756      4809.34     5.52467     -768.86     8.00172      2631.9     4208.24         100    0.690435     2019.43       0.687
 95757      4809.49     5.51417    -768.927     8.00037     2631.95     4208.27         100     0.68924     2019.46       0.687
 95758      4809.67     5.48972    -768.772     8.00104     2632.02      4208.3         100    0.686126     2019.39       0.687
 95759      4809.79     5.47822    -768.882     8.00115     2632.04     4208.22         100    0.684678     2019.44       0.687
 95760       4809.8     5.52237    -768.686     8.00288     2632.23     4208.18         100    0.690048     2019.34       0.687
 95761      4809.83     5.51926    -768.856     8.00234      2632.3     4208.42         100    0.689706     2019.43       0.687
 95762      4809.89       5.514    -768.858     8.00095     2632.35     4208.51         100    0.689169     2019.43       0.687
 95763      4809.97     5.49372    -768.974     8.00284     2632.44     4208.46         100    0.686472     2019.49       0.687
 95764      4810.13      5.4673    -768.935     8.00004     2632.51      4208.4         100    0.683409     2019.47       0.687
 95765      4810.13     5.44235    -768.845      7.9999     2632.56     4208.41         100    0.680302     2019.42       0.687
 95766      4810.49     5.52254    -768.834     8.00233     2632.72     4208.72         100    0.690116     2019.42       0.687
 95767      4810.64     5.51665    -768.704     8.00126     2632.84     4209.55         100    0.689473     2019.35       0.687
 95768      4810.65     5.49366    -768.803     8.00008     2632.89     4209.55         100    0.686701      2019.4       0.687
 95769      4810.82     5.47997    -768.745     8.00053     2632.91     4209.49         100    0.684951     2019.37       0.687
 95770      4810.82     5.43416    -768.638     8.00021     2632.96     4209.49         100    0.679252     2019.32       0.687
 95771      4810.89     5.51803    -768.674     8.00261     2633.24     4209.65         100    0.689529     2019.34       0.687
 95772       4811.1     5.51584    -768.477     8.00212     2633.26     4209.59         100    0.689297     2019.24       0.687
 95773      4811.11     5.49922    -768.714     8.00128     2633.33     4209.64         100    0.687292     2019.36       0.687
 95774      4811.12     5.48239    -768.574      8.0005      2633.4     4209.76         100    0.685256     2019.29       0.687
 95775      4811.15     5.46735    -768.464     8.00103     2633.45     4209.78         100    0.683331     2019.23       0.687
 95776      4811.15     5.45973    -768.674      8.0004     2633.47     4209.81         100    0.682433     2019.34       0.687
 95777      4811.56     5.52364    -768.598     8.00372     2633.73     4209.74         100    0.690133      2019.3       0.687
 95778      4811.65     5.52494    -768.621     8.00124     2633.75     4210.38         100     0.69051     2019.31       0.687
 95779      4811.72     5.51455    -768.663     8.00085     2633.78     4210.51         100    0.689245     2019.33       0.687
 95780      4811.83     5.50896    -768.697     8.00121      2633.8     4210.65         100    0.688516     2019.35       0.687
 95781      4811.88     5.48028    -768.645     8.00132     2633.87      4210.7         100    0.684922     2019.32       0.687
 95782      4812.36     5.53264    -768.661     8.00197      2634.2     4211.11         100     0.69141     2019.33       0.687
 95783      4812.48     5.52788    -768.639     8.00177     2634.22     4211.37         100    0.690832     2019.32       0.687
 95784       4812.5     5.50802    -768.523     8.00113     2634.27     4211.47         100    0.688406     2019.26       0.687
 95785      4812.64     5.46832    -768.473     8.00049     2634.34     4211.39         100    0.683497     2019.24       0.687
 95786      4812.74     5.53166    -768.664     8.00224     2634.69     4211.74         100    0.691263     2019.33       0.687
 95787      4812.84     5.52625    -768.515     8.00185     2634.74     4211.99         100    0.690622     2019.26       0.687
 95788      4812.91     5.52231    -768.532     8.00229     2634.76     4211.93         100    0.690091     2019.27       0.687
 95789      4812.96     5.51226    -768.621     8.00155     2634.81     4211.95         100    0.688898     2019.31       0.687
 95790      4813.01     5.49723      -768.7     8.00229     2634.88     4211.97         100    0.686958     2019.35       0.687
 95791      4813.16     5.47376    -768.522     8.00019     2634.95     4212.08         100    0.684204     2019.26       0.687
 95792      4813.52     5.52859    -768.633     8.00186     2635.21     4212.34         100    0.690912     2019.32       0.687
 95793      4813.69     5.51439    -768.546     8.00146     2635.28     4212.52         100    0.689173     2019.27       0.687
 95794      4813.72     5.49278    -768.459     8.00186     2635.35     4212.65         100    0.686438     2019.23       0.687
 95795      4813.82     5.52913    -768.433     8.00256     2635.68     4212.62         100     0.69092     2019.22       0.687
 95796      4813.96     5.53457    -768.582     8.00151     2635.73     4213.29         100    0.691691     2019.29       0.687
 95797      4814.04     5.53248    -768.561     8.00167     2635.75     4213.48         100    0.691416     2019.28       0.687
 95798      4814.13     5.52051    -768.803     8.00064     2635.82      4213.6         100    0.690008      2019.4       0.687
 95799      4814.17     5.49602    -768.626     8.00116     2635.91     4213.47         100    0.686903     2019.31       0.687
 95800      4814.32     5.47937    -768.666     8.00045     2635.94     4213.55         100    0.684883     2019.33       0.687
 95801      4814.35     5.46565    -768.669     8.00044     2635.96     4213.47         100    0.683169     2019.33       0.687
 95802      4814.47      5.5313    -768.662     8.00089     2636.22     4213.73         100    0.691336     2019.33       0.687
 95803      4814.62     5.51817    -768.491     8.00133     2636.29     4213.82         100    0.689657     2019.25       0.687
 95804      4814.63     5.51325    -768.424     8.00234     2636.31     4213.73         100    0.688955     2019.21       0.687
 95805       4814.8     5.49633    -768.526     8.00214     2636.36     4213.77         100    0.686858     2019.26       0.687
 95806      4814.98     5.45776    -768.683     8.00199     2636.43     4213.76         100     0.68205     2019.34       0.687
 95807      4815.11     5.52918    -768.665     8.00272     2636.69     4213.98         100    0.690912     2019.33       0.687
 95808      4815.24     5.52241    -768.584     8.00187     2636.76     4214.21         100     0.69014     2019.29       0.687
 95809      4815.36     5.51419    -768.662     8.00251     2636.83     4214.26         100    0.689057     2019.33       0.687
 95810      4815.37     5.49355    -768.607      8.0017      2636.9     4214.37         100    0.686548      2019.3       0.687
 95811      4815.41     5.53111    -768.489     8.00457     2637.18     4214.31         100    0.690994     2019.24       0.687
 95812      4815.74     5.53197     -768.49      8.0022     2637.21     4214.77         100    0.691306     2019.25       0.687
 95813      4815.75     5.52758    -768.462     8.00234     2637.23      4214.9         100    0.690745     2019.23       0.687
 95814      4815.84     5.51501    -768.439     8.00218     2637.28     4214.97         100    0.689188     2019.22       0.687
 95815      4816.02     5.50697    -768.427     8.00245      2637.3     4215.07         100     0.68816     2019.21       0.687
 95816      4816.15     5.53165     -768.46     8.00289     2637.68      4215.2         100    0.691206     2019.23       0.687
 95817      4816.16     5.52911    -768.407     8.00167      2637.7      4215.4         100    0.690994      2019.2       0.687
 95818      4816.24     5.52847    -768.581      8.0024     2637.75      4215.5         100    0.690852     2019.29       0.687
 95819      4816.29     5.52698    -768.677      8.0028     2637.77      4215.6         100    0.690631     2019.34       0.687
 95820      4816.35     5.52105     -768.57     8.00225     2637.82     4215.64         100    0.689937     2019.28       0.687
 95821      4816.36     5.51753    -768.537     8.00243     2637.84     4215.57         100    0.689482     2019.27       0.687
 95822      4816.37     5.48591    -768.544     8.00162     2637.94     4215.59         100      0.6856     2019.27       0.687
 95823      4816.79     5.47271    -768.444     8.00033     2637.96     4215.51         100     0.68406     2019.22       0.687
 95824      4816.89     5.53116    -768.289      8.0024     2638.22     4215.99         100    0.691188     2019.14       0.687
 95825      4816.96     5.52205    -768.548      8.0013     2638.31     4216.24         100    0.690144     2019.27       0.687
 95826      4817.01     5.49422    -768.492     8.00253     2638.45     4216.36         100     0.68656     2019.25       0.687
 95827      4817.02     5.48213    -768.486     8.00205      2638.5     4216.37         100     0.68509     2019.24       0.687
 95828      4817.05     5.47586    -768.349     8.00157     2638.52     4216.44         100    0.684348     2019.17       0.687
 95829      4817.22       5.454    -768.535     8.00008     2638.57     4216.45         100    0.681744     2019.27       0.687
 95830       4817.6     5.53184    -768.311     8.00335     2638.76      4216.5         100    0.691191     2019.16       0.687
 95831       4817.8     5.52572    -768.239     8.00241     2638.78     4216.76         100    0.690507     2019.12       0.687
 95832      4817.83      5.5008    -768.338     8.00043     2638.83     4216.86         100    0.687564     2019.17       0.687
 95833      4817.88     5.46581    -768.548       8.002     2638.88     4216.86         100    0.683056     2019.27       0.687
 95834         4818     5.44749     -768.38     8.00147      2638.9     4216.95         100    0.680812     2019.19       0.687
 95835      4818.07     5.53794    -768.354     8.00356     2639.23     4217.06         100    0.691935     2019.18       0.687
 95836      4818.13     5.53868    -768.457      8.0025     2639.25     4217.59         100    0.692119     2019.23       0.687
 95837      4818.26       5.527    -768.355     8.00168     2639.28     4217.68         100     0.69073     2019.18       0.687
 95838      4818.33      5.5186    -768.317     8.00181      2639.3     4217.81         100    0.689669     2019.16       0.687
 95839      4818.34     5.49308    -768.359     8.00206     2639.35     4217.83         100    0.686459     2019.18       0.687
 95840      4818.56     5.53788    -768.304     8.00369     2639.68     4217.93         100    0.691916     2019.15       0.687
 95841      4818.81     5.53532     -768.24     8.00275      2639.7     4218.19         100    0.691678     2019.12       0.687
 95842      4818.84     5.53165    -768.376     8.00138     2639.84     4218.49         100    0.691337     2019.19       0.687
 95843      4819.04     5.50948    -768.534      8.0009     2639.91     4218.42         100    0.688608     2019.27       0.687
 95844      4819.14     5.46998    -768.419     8.00132     2639.98      4218.4         100    0.683635     2019.21       0.687
 95845      4819.16     5.43527    -768.403     8.00207     2640.03     4218.39         100    0.679233      2019.2       0.687
 95846      4819.35     5.53361    -768.362     8.00147     2640.24     4218.73         100    0.691574     2019.18       0.687
 95847      4819.66     5.51749    -768.343     8.00124     2640.31     4218.74         100     0.68958     2019.17       0.687
 95848       4819.7     5.49571    -768.339     8.00139     2640.36     4218.75         100    0.686845     2019.17       0.687
 95849      4819.92     5.48209    -768.477     8.00215     2640.38     4218.72         100    0.685076     2019.24       0.687
 95850      4820.08     5.53251    -768.144     8.00224     2640.76     4219.21         100     0.69137     2019.07       0.687
 95851      4820.11      5.5285    -768.176     8.00315     2640.78     4219.26         100    0.690791     2019.09       0.687
 95852      4820.12      5.5181     -768.18     8.00215     2640.83     4219.32         100    0.689577     2019.09       0.687
 95853      4820.19     5.51217    -768.108     8.00199     2640.85     4219.41         100     0.68885     2019.05       0.687
 95854      4820.25     5.49373    -768.213     8.00168      2640.9     4219.43         100    0.686573     2019.11       0.687
 95855      4820.47     5.48399    -768.099     8.00178     2640.92     4219.51         100    0.685346     2019.05       0.687
 95856      4820.78     5.53224    -768.355     8.00189     2641.25     4219.61         100    0.691366     2019.18       0.687
 95857       4820.8      5.4579    -768.263      8.0022     2641.51      4219.8         100     0.68205     2019.13       0.687
 95858      4821.16     5.53839    -768.189     8.00431     2641.72     4220.11         100    0.691926     2019.09       0.687
 95859      4821.23     5.53061    -768.156     8.00189     2641.77      4220.6         100    0.691164     2019.08       0.687
 95860      4821.32     5.52556    -767.946     8.00311     2641.79     4220.55         100    0.690427     2018.97       0.687
 95861       4821.4     5.50654    -768.154     8.00196     2641.84     4220.56         100    0.688149     2019.08       0.687
 95862      4821.53     5.49681    -768.047     8.00117     2641.86     4220.47         100    0.687001     2019.02       0.687
 95863      4821.67     5.45986    -768.085     8.00107     2641.91     4220.47         100    0.682391     2019.04       0.687
 95864      4821.72     5.53318    -768.305     8.00228     2642.24     4221.01         100     0.69145     2019.15       0.687
 95865      4821.81      5.5277    -768.179     8.00168     2642.26     4220.95         100    0.690817     2019.09       0.687
 95866      4821.83     5.52054    -768.081     8.00168     2642.28     4220.94         100    0.689923     2019.04       0.687
 95867      4821.99     5.51572    -768.134     8.00078     2642.29     4221.06         100    0.689399     2019.07       0.687
 95868      4822.18      5.5038    -768.096     8.00155     2642.31     4220.97         100    0.687842     2019.05       0.687
 95869      4822.21     5.46137    -768.129     8.00042     2642.36     4220.97         100    0.682635     2019.06       0.687
 95870      4822.23      5.5249    -768.136     8.00339     2642.71     4221.03         100    0.690321     2019.07       0.687
 95871      4822.34     5.52645    -768.118      8.0024     2642.73     4221.02         100    0.690598     2019.06       0.687
 95872      4822.37     5.51981    -768.147     8.00243     2642.78      4221.2         100    0.689766     2019.07       0.687
 95873      4822.38     5.51713    -768.058     8.00174      2642.8      4221.3         100    0.689492     2019.03       0.687
 95874      4822.39     5.51065    -768.139     8.00273     2642.85     4221.31         100    0.688596     2019.07       0.687
 95875      4822.55      5.5044     -768.17     8.00299     2643.03     4221.27         100    0.687792     2019.09       0.687
 95876      4822.99     5.50074    -768.242     8.00228     2643.04     4221.42         100    0.687397     2019.12       0.687
 95877      4823.15      5.5209    -768.222     8.00194     2643.32     4221.96         100    0.689945     2019.11       0.687
 95878       4823.3     5.51241    -768.201      8.0021     2643.34     4221.96         100     0.68887      2019.1       0.687
 95879      4823.61     5.47592    -768.193     8.00119     2643.39     4221.98         100    0.684389      2019.1       0.687
 95880      4823.64     5.52396    -767.892     8.00169     2643.86     4222.23         100     0.69035     2018.95       0.687
 95881      4823.85     5.50026    -767.954     8.00194     2643.93     4222.23         100    0.687366     2018.98       0.687
 95882      4823.88     5.49017    -767.778     8.00305     2643.95     4222.32         100    0.686009     2018.89       0.687
 95883      4823.91      5.4529    -767.885     8.00164        2644     4222.33         100    0.681473     2018.94       0.687
 95884      4823.96       5.524    -767.981      8.0017     2644.21      4222.3         100    0.690354     2018.99       0.687
 95885      4824.14     5.52441    -767.923     8.00202     2644.23     4222.31         100    0.690376     2018.96       0.687
 95886      4824.17     5.51529    -767.895     8.00117     2644.26     4222.45         100    0.689311     2018.95       0.687
 95887      4824.41     5.50978    -767.867     8.00115     2644.28     4222.43         100    0.688623     2018.93       0.687
 95888      4824.42      5.4942    -767.933     8.00191     2644.33     4222.45         100    0.686611     2018.97       0.687
 95889      4824.46     5.48449    -768.017     8.00179     2644.35     4222.53         100    0.685408     2019.01       0.687
 95890       4824.5     5.53519    -767.871      8.0024     2644.71        4223         100    0.691691     2018.94       0.687
 95891      4824.79     5.53177    -767.943     8.00182     2644.73     4223.21         100    0.691314     2018.97       0.687
 95892       4824.9     5.51819    -767.998     8.00159      2644.8      4223.4         100    0.689637        2019       0.687
 95893      4825.01     5.51151    -767.766     8.00231     2644.82     4223.51         100     0.68874     2018.88       0.687
 95894      4825.15     5.48196    -767.946     8.00128     2644.87     4223.51         100    0.685135     2018.97       0.687
 95895      4825.63     5.54065    -767.713       8.005     2645.36     4223.55         100    0.692149     2018.86       0.687
 95896      4825.72     5.54553    -767.919     8.00396     2645.38     4224.04         100    0.692848     2018.96       0.687
 95897      4826.48     5.55999    -767.925     8.00304     2645.41     4224.38         100    0.694735     2018.96    0.690642
 95898      4826.54     5.55763    -768.079     8.00182     2645.43     4224.46         100    0.694545     2019.04    0.690949
 95899      4826.74     5.56789    -767.963     8.00199     2645.46     4224.62         100    0.695813     2018.98    0.691878
 95900      4827.09     5.56842    -768.027     8.00119     2645.48     4224.66         100    0.695949     2019.01    0.693431
 95901      4827.26     5.57685    -767.882     8.00287      2645.5     4224.81         100    0.696857     2018.94    0.694184
 95902      4827.41     5.58307    -767.834     8.00044     2645.52     4225.05         100    0.697845     2018.92    0.694801
 95903      4827.57     5.58132    -767.966     8.00072     2645.53     4224.92         100    0.697602     2018.98    0.695482
 95904      4827.88     5.58639    -768.014     8.00352     2645.55     4225.09         100    0.697991     2019.01      0.6967
 95905      4828.17     5.59109    -767.992     8.00277     2645.57     4225.31         100    0.698644        2019    0.697817
 95906      4828.47      5.5972    -768.056     8.00261      2645.6     4225.38         100    0.699422     2019.03    0.698865
 95907      4828.87     5.59971    -767.923     8.00145     2645.62     4225.63         100    0.699836     2018.96    0.700176
 95908      4829.22     5.60989    -767.947     8.00294     2645.66     4225.78         100    0.700978     2018.97    0.701197
 95909      4829.48      5.6081    -768.005     8.00223     2645.67        4226         100    0.700817        2019     0.70187
 95910      4829.53     5.60409    -767.994      8.0022     2645.69     4226.08         100    0.700319        2019    0.701985
 95911       4829.8     5.61216    -768.082     8.00252     2645.71      4226.1         100    0.701299     2019.04     0.70261
 95912      4829.82     5.61366     -768.07     8.00304     2645.73     4226.22         100    0.701441     2019.03     0.70264
 95913      4829.97     5.61435    -768.057     8.00287     2645.74     4226.45         100    0.701542     2019.03    0.702959
 95914      4830.56     5.62189    -767.951     8.00306     2645.76     4226.52         100    0.702467     2018.98    0.703945
 95915      4830.68     5.62997    -768.041     8.00292      2645.8     4226.92         100     0.70349     2019.02    0.704105
 95916      4830.97     5.63258    -768.158     8.00271     2645.81     4226.98         100    0.703834     2019.08    0.704434
 95917      4831.25      5.6283    -768.032     8.00311     2645.83     4227.14         100    0.703264     2019.02    0.704662
 95918      4831.53     5.63508    -768.231     8.00399     2645.85     4227.38         100    0.704034     2019.12    0.704829
 95919      4831.68     5.63732      -768.3     8.00343     2645.87     4227.67         100    0.704363     2019.15    0.704888
 95920      4831.91     5.63322    -768.242     8.00254     2645.88     4227.59         100    0.703929     2019.12    0.704943
 95921      4832.05     5.63408    -768.239     8.00232      2645.9     4227.83         100    0.704057     2019.12    0.704956
 95922      4832.56     5.63924    -768.215     8.00341     2645.92     4228.15         100    0.704604     2019.11    0.704887
 95923      4832.62     5.64266    -768.281     8.00413     2645.95     4228.43         100    0.704969     2019.14    0.704868
 95924      4833.17     5.64311    -768.345     8.00345     2645.97     4228.88         100    0.705085     2019.17    0.704602
 95925       4833.4     5.64353    -768.229     8.00278     2646.01     4229.18         100    0.705196     2019.11    0.704445
 95926      4833.67     5.64194    -768.331     8.00322     2646.02     4229.46         100    0.704959     2019.17    0.704244
 95927      4834.14     5.63465    -768.321      8.0017     2646.04     4229.61         100    0.704182     2019.16    0.703827
 95928      4834.17     5.63595     -768.31     8.00185     2646.09     4230.17         100     0.70433     2019.15      0.7038
 95929      4834.99     5.64112    -768.375     8.00178     2646.11     4230.41         100    0.704983     2019.19    0.702958
 95930       4835.1     5.63308    -768.385      8.0021     2646.13     4230.68         100    0.703951     2019.19    0.702847
 95931      4835.16     5.63044    -768.339     8.00269     2646.16     4231.03         100    0.703568     2019.17    0.702781
 95932      4835.68     5.62716    -768.348     8.00316     2646.18     4231.24         100    0.703118     2019.17    0.702209
 95933      4835.91      5.6277    -768.424     8.00317      2646.2      4231.6         100    0.703184     2019.21    0.701955
 95934      4835.93      5.6183    -768.407     8.00086     2646.23     4231.97         100    0.702212      2019.2    0.701929
 95935       4836.4     5.61874    -768.534     8.00176     2646.25      4232.3         100    0.702188     2019.27    0.701413
 95936      4836.74     5.61816    -768.292     8.00184     2646.27      4232.7         100    0.702108     2019.15    0.701047
 95937      4836.79     5.61133    -768.405     8.00241      2646.3     4232.95         100    0.701205      2019.2    0.700991
 95938      4837.28      5.6118    -768.451     8.00194     2646.32     4233.39         100    0.701305     2019.23    0.700476
 95939      4837.33     5.60509    -768.477     8.00093     2646.34     4233.71         100    0.700555     2019.24    0.700422
 95940      4837.61      5.6077    -768.396     8.00235     2646.36        4234         100    0.700756      2019.2    0.700139
 95941      4837.84     5.60412    -768.376     8.00179     2646.37      4234.3         100    0.700358     2019.19    0.699908
 95942      4838.07     5.59641    -768.431     8.00178     2646.39     4234.52         100    0.699396     2019.22    0.699678
 95943      4838.39     5.59694    -768.394     8.00259     2646.41     4234.66         100    0.699392      2019.2    0.699369
 95944      4838.52     5.59056    -768.413     8.00106     2646.44     4235.17         100    0.698728     2019.21     0.69925
 95945      4839.04     5.59362    -768.378     8.00175     2646.46     4235.39         100     0.69905     2019.19     0.69878
 95946       4839.1     5.58707     -768.47     8.00132     2646.48     4235.63         100    0.698269     2019.24    0.698727
 95947      4839.23     5.59016    -768.308     8.00122      2646.5     4235.93         100    0.698663     2019.15    0.698621
 95948      4839.66     5.59093    -768.396     8.00147     2646.51     4236.07         100    0.698738      2019.2    0.698259
 95949      4839.97     5.58051    -768.512     8.00197     2646.53     4236.31         100    0.697391     2019.26    0.698006
 95950      4840.12     5.57785     -768.39     8.00299     2646.58     4236.82         100     0.69697     2019.19    0.697892
 95951      4840.66     5.58299    -768.555     8.00211      2646.6      4237.2         100     0.69769     2019.28    0.697484
 95952      4840.96     5.58107    -768.508     8.00168     2646.62     4237.67         100    0.697488     2019.25    0.697273
 95953      4841.73      5.5781    -768.473      8.0017     2646.67     4238.31         100    0.697114     2019.24    0.696753
 95954      4841.93     5.56807    -768.597     8.00097     2646.72     4238.85         100    0.695924      2019.3    0.696629
 95955      4842.13     5.56484    -768.513     8.00114     2646.74     4239.03         100    0.695505     2019.26    0.696508
 95956      4842.65     5.57247      -768.4     8.00278     2646.76     4239.22         100    0.696316      2019.2    0.696203
 95957      4842.74     5.56521    -768.459     8.00157     2646.78     4239.44         100    0.695515     2019.23    0.696152
 95958      4842.86     5.56168    -768.576      8.0009     2646.79     4239.68         100    0.695131     2019.29    0.696087
 95959      4842.97      5.5614      -768.5     8.00208     2646.81     4239.74         100    0.694994     2019.25    0.696025
 95960      4843.19     5.56275     -768.46     8.00173     2646.83     4239.95         100    0.695193     2019.23    0.695904
 95961      4843.35     5.56683    -768.446     8.00197     2646.85     4240.29         100    0.695683     2019.22     0.69582
 95962      4843.75      5.5669    -768.513     8.00141     2646.86     4240.42         100     0.69574     2019.26    0.695618
 95963      4843.87     5.55916    -768.441     8.00095     2646.88     4240.62         100    0.694813     2019.22     0.69556
 95964      4844.23     5.56327    -768.295     8.00331      2646.9      4240.9         100    0.695121     2019.15     0.69539
 95965      4844.25     5.56108     -768.44     8.00152     2646.92      4241.3         100    0.695003     2019.22    0.695379
 95966      4844.37     5.55629    -768.426     8.00022     2646.93     4241.23         100    0.694518     2019.21    0.695323
 95967      4844.74     5.55873    -768.252     8.00248     2646.95     4241.52         100    0.694626     2019.13    0.695159
 95968      4845.16     5.55932    -768.277     8.00275     2646.97     4241.89         100    0.694677     2019.14    0.694978
 95969      4845.18     5.55727    -768.396     8.00301        2647      4242.1         100    0.694397      2019.2    0.694969
 95970      4845.86     5.55741    -768.273     8.00231     2647.02     4242.44         100    0.694476     2019.14      0.6947
 95971      4845.89     5.55052    -768.335     8.00132     2647.04     4242.58         100    0.693701     2019.17    0.694687
 95972      4846.13     5.55365    -768.253      8.0015     2647.07      4242.9         100    0.694077     2019.13    0.694595
 95973      4846.31     5.55315    -768.143     8.00226     2647.09     4243.11         100    0.693947     2019.07     0.69453
 95974      4846.86     5.55849    -768.224     8.00202     2647.11     4243.32         100    0.694636     2019.11    0.694338
 95975      4847.45     5.55687    -768.248     8.00282     2647.16      4243.9         100    0.694363     2019.12    0.694146
 95976      4847.48     5.55845    -768.251     8.00278      2647.2     4244.49         100    0.694565     2019.13    0.694136
 95977      4847.83     5.55967    -768.132     8.00167     2647.21     4244.59         100    0.694813     2019.07    0.694027
 95978      4848.25     5.55368    -768.092     8.00175     2647.23      4244.8         100    0.694058     2019.05    0.693905
 95979      4848.44     5.55627    -767.984      8.0028     2647.27     4245.41         100     0.69429     2018.99    0.693849
 95980      4848.68     5.55172    -768.042     8.00161     2647.28     4245.35         100    0.693825     2019.02    0.693784
 95981      4848.92     5.54978      -768.1     8.00202      2647.3     4245.62         100    0.693548     2019.05    0.693719
 95982      4849.24     5.55027    -768.142     8.00146     2647.32     4245.95         100    0.693658     2019.07    0.693634
 95983      4849.54     5.54911    -768.049     8.00303     2647.35     4246.17         100    0.693376     2019.02     0.69356
 95984      4850.08     5.54555    -768.071     8.00173     2647.37     4246.55         100    0.693044     2019.04    0.693429
 95985      4850.17     5.54493    -768.078     8.00219     2647.42     4247.06         100    0.692926     2019.04    0.693409
 95986      4850.67     5.54416    -768.044     8.00284     2647.44     4247.31         100    0.692774     2019.02    0.693297
 95987      4851.01     5.54903    -768.037     8.00322     2647.46      4247.5         100    0.693351     2019.02    0.693224
 95988      4851.62     5.54766    -767.793     8.00243     2647.51     4248.03         100    0.693248      2018.9    0.693101
 95989       4851.8     5.54198    -768.089     8.00154     2647.53     4248.15         100    0.692615     2019.04    0.693067
 95990      4851.98     5.54605    -768.012     8.00132     2647.56     4248.49         100    0.693141     2019.01    0.693032
 95991       4852.5     5.54132    -768.089     8.00107     2647.58      4248.7         100    0.692573     2019.04    0.692938
 95992      4852.59     5.54316    -768.015     8.00245      2647.6     4248.96         100    0.692683     2019.01    0.692922
 95993      4852.72     5.54468    -768.057     8.00225     2647.62      4249.3         100    0.692889     2019.03    0.692899
 95994      4853.34     5.54528    -767.893     8.00241     2647.65     4249.53         100    0.692951     2018.95    0.692797
 95995      4853.61     5.54224    -768.015     8.00184     2647.67     4249.94         100    0.692621     2019.01    0.692754
 95996      4854.09     5.54248    -767.843     8.00267     2647.72     4250.43         100    0.692578     2018.92    0.692681
 95997      4854.14     5.53965    -767.838     8.00205     2647.74     4250.67         100    0.692279     2018.92    0.692673
 95998      4854.44     5.54672    -767.811     8.00284     2647.76     4250.86         100    0.693093     2018.91    0.692629
 95999      4854.53     5.54526    -767.891      8.0031     2647.77     4251.16         100    0.692889     2018.95    0.692617
 96000       4854.8     5.53998    -767.939     8.00193     2647.79     4251.37         100    0.692331     2018.97    0.692578
 96001      4855.39     5.54397    -767.836     8.00236     2647.81     4251.52         100    0.692792     2018.92    0.692501
 96002      4855.95     5.54387    -767.766     8.00363     2647.86     4252.04         100    0.692669     2018.88     0.69243
 96003      4856.05     5.53828    -767.675     8.00284     2647.88     4252.26         100    0.692039     2018.84    0.692419
 96004      4856.34     5.54409    -767.726     8.00318     2647.91     4252.69         100    0.692736     2018.86    0.692385
 96005      4856.65     5.53665    -767.693     8.00058     2647.93     4252.87         100    0.692031     2018.85    0.692349
 96006      4856.85     5.53824    -767.724     8.00106     2647.95     4253.11         100    0.692189     2018.86    0.692327
 96007      4857.18     5.54134    -767.574     8.00184     2647.97     4253.46         100    0.692508     2018.79    0.692292
 96008      4857.61     5.54098    -767.716     8.00249        2648     4253.69         100    0.692406     2018.86    0.692247
 96009      4857.98     5.53876    -767.713      8.0019     2648.02     4254.06         100    0.692181     2018.86     0.69221
 96010      4858.44     5.54148      -767.9     8.00384     2648.07     4254.71         100    0.692352     2018.95    0.692167
 96011      4858.85     5.54231    -767.741     8.00316     2648.11     4255.14         100    0.692516     2018.87     0.69213
 96012       4858.9     5.53877    -767.616     8.00211     2648.14     4255.55         100    0.692164     2018.81    0.692126
 96013      4859.59     5.54649    -767.588     8.00195     2648.16     4255.76         100    0.693142     2018.79    0.692067
 96014      4859.69     5.53998    -767.725     8.00078     2648.18     4256.01         100     0.69243     2018.86    0.692059
 96015      4860.02     5.53821    -767.589     8.00194     2648.21     4256.29         100    0.692109     2018.79    0.692033
 96016      4860.36     5.53576    -767.688     8.00123     2648.23     4256.42         100    0.691863     2018.84    0.692007
 96017      4860.44     5.53812    -767.525     8.00211     2648.25     4256.69         100    0.692083     2018.76    0.692001
 96018      4860.51     5.54053    -767.565     8.00242     2648.26     4256.78         100    0.692356     2018.78    0.691995
 96019      4860.89     5.53357    -767.654     8.00141     2648.28     4256.99         100    0.691574     2018.83    0.691968
 96020      4861.15     5.53435    -767.639     8.00188      2648.3     4257.26         100    0.691632     2018.82     0.69195
 96021      4861.17     5.53462    -767.579     8.00055     2648.32     4257.61         100     0.69178     2018.79    0.691948
 96022      4861.63     5.53821    -767.361     8.00319     2648.35     4257.85         100       0.692     2018.68    0.691917
 96023      4861.97     5.53691    -767.518      8.0026     2648.37     4258.24         100     0.69189     2018.76    0.691895
 96024      4862.16     5.54043    -767.372     8.00278     2648.41     4258.55         100    0.692312     2018.69    0.691883
 96025      4862.52     5.53637    -767.398      8.0023     2648.42     4258.83         100    0.691848      2018.7    0.691862
 96026      4862.86     5.53975    -767.447     8.00254     2648.46     4259.07         100    0.692249     2018.72    0.691841
 96027      4862.89     5.53684    -767.476     8.00133     2648.48     4259.32         100     0.69199     2018.74     0.69184
 96028      4862.96     5.53623    -767.515     8.00126     2648.49      4259.6         100     0.69192     2018.76    0.691836
 96029      4863.69     5.54338     -767.38     8.00191     2648.51     4259.75         100    0.692756     2018.69    0.691796
 96030      4863.97     5.53803    -767.548      8.0023     2648.53     4259.95         100    0.692055     2018.77    0.691781
 96031      4864.43      5.5383    -767.584     8.00287     2648.58     4260.46         100    0.692039     2018.79    0.691758
 96032      4864.73     5.54084    -767.409     8.00181      2648.6     4260.76         100    0.692448      2018.7    0.691744
 96033      4864.93     5.53557    -767.346     8.00115     2648.62     4261.11         100    0.691847     2018.67    0.691735
 96034      4865.03     5.52953    -767.451     8.00119     2648.63     4261.02         100    0.691088     2018.73     0.69173
 96035       4865.3     5.52562    -767.382     8.00064     2648.65     4261.22         100    0.690647     2018.69    0.691718
 96036      4865.33     5.53303    -767.322     8.00298     2648.69     4261.65         100    0.691371     2018.66    0.691716
 96037      4865.88     5.53744    -767.296      8.0027      2648.7     4261.72         100    0.691946     2018.65    0.691692
 96038      4866.22      5.5333    -767.196     8.00208     2648.72     4262.14         100    0.691483      2018.6    0.691679
 96039      4866.54     5.53535    -767.316     8.00267     2648.77      4262.6         100    0.691687     2018.66    0.691666
 96040      4866.77     5.53191    -767.182     7.99985     2648.79      4262.8         100    0.691502     2018.59    0.691657
 96041      4867.15     5.53963    -767.314     8.00183     2648.81     4262.97         100    0.692296     2018.66    0.691643
 96042      4867.27     5.53502    -767.227     8.00154     2648.83     4263.22         100    0.691744     2018.61    0.691638
 96043      4867.77     5.54206    -767.179     8.00251     2648.86      4263.6         100     0.69254     2018.59     0.69162
 96044      4868.21     5.53997    -767.266      8.0015     2648.88     4263.87         100    0.692367     2018.63    0.691606
 96045      4868.33     5.53921    -767.237     8.00197     2648.91      4264.3         100    0.692231     2018.62    0.691602
 96046      4868.57     5.53369    -767.227     8.00255     2648.93     4264.48         100    0.691491     2018.61    0.691594
 96047      4868.96     5.53824    -767.214     8.00263     2648.95     4264.78         100    0.692053     2018.61    0.691582
 96048      4869.01     5.53677    -767.318     8.00203     2648.97     4265.13         100     0.69192     2018.66     0.69158
 96049      4869.54     5.53688    -767.199     8.00277        2649     4265.36         100    0.691871      2018.6    0.691565
 96050      4869.85     5.53544    -767.191     8.00205     2649.02     4265.76         100    0.691754      2018.6    0.691556
 96051      4869.86     5.53652    -767.189     8.00141     2649.06     4266.09         100    0.691943     2018.59    0.691556
 96052       4870.6     5.53562    -767.212     8.00099     2649.07      4266.4         100    0.691866     2018.61    0.691536
 96053      4870.64     5.53508    -767.209     8.00219     2649.11     4266.78         100    0.691696      2018.6    0.691535
 96054      4870.84     5.53594    -767.053     8.00268     2649.12     4267.06         100    0.691761     2018.53     0.69153
 96055      4871.09     5.53008    -767.068     8.00066     2649.14      4267.3         100    0.691203     2018.53    0.691524
 96056       4871.3     5.53431    -767.135      8.0016     2649.16     4267.46         100     0.69165     2018.57    0.691519
 96057       4871.5       5.535    -767.146      8.0007     2649.18      4267.7         100    0.691814     2018.57    0.691514
 96058      4872.01     5.53809    -767.036     8.00305     2649.21     4268.11         100    0.691998     2018.52    0.691503
 96059       4872.2     5.53333    -766.982     8.00176     2649.23      4268.3         100    0.691515     2018.49    0.691498
 96060      4872.34     5.53716     -767.04     8.00187     2649.25      4268.6         100    0.691983     2018.52    0.691495
 96061      4872.46      5.5401     -767.05     8.00194     2649.26     4268.73         100    0.692344     2018.52    0.691493
 96062       4872.5     5.53773    -767.085     8.00145     2649.27     4269.02         100     0.69209     2018.54    0.691492
 96063         4873     5.53258    -766.978     8.00113     2649.28     4268.95         100    0.691475     2018.49    0.691482
 96064       4873.1     5.53018    -766.946     8.00057      2649.3      4269.2         100    0.691223     2018.47     0.69148
 96065      4873.35     5.53115     -766.98     8.00298     2649.32      4269.5         100    0.691136     2018.49    0.691475
 96066      4873.78     5.53072    -766.916     8.00201     2649.35     4269.69         100    0.691166     2018.46    0.691467
 96067      4874.05     5.53099    -767.115     8.00184     2649.37     4270.12         100    0.691215     2018.56    0.691462
 96068      4874.13     5.53704    -766.837     8.00158     2649.41      4270.6         100    0.691993     2018.42     0.69146
 96069      4874.53     5.53405    -766.925     8.00192     2649.42     4270.91         100    0.691591     2018.46    0.691453
 96070      4874.59     5.52997    -766.771     8.00203     2649.44     4271.08         100    0.691071     2018.39    0.691452
 96071      4874.97     5.53764    -766.859     8.00218     2649.46     4271.24         100    0.692016     2018.43    0.691446
 96072      4874.99     5.53396    -766.951     8.00097     2649.49     4271.78         100    0.691661     2018.48    0.691446
 96073      4875.99     5.53856    -766.888     8.00088     2649.51     4271.98         100    0.692244     2018.44     0.69143
 96074      4876.43     5.53021     -766.75     8.00162     2649.58     4272.67         100    0.691136     2018.38    0.691424
 96075      4876.72     5.53454    -766.704     8.00278      2649.6     4273.06         100    0.691576     2018.35     0.69142
 96076      4876.94     5.53276    -766.857     8.00151     2649.62     4273.47         100    0.691465     2018.43    0.691417
 96077      4877.15     5.52798    -766.707     8.00188     2649.63     4273.38         100    0.690834     2018.35    0.691414
 96078      4877.24     5.52731      -766.8     8.00207     2649.65     4273.59         100    0.690735      2018.4    0.691413
 96079      4877.69     5.53223    -766.741     8.00299     2649.67     4273.88         100     0.69127     2018.37    0.691407
 96080       4877.8     5.53363    -766.699     8.00239      2649.7     4274.14         100    0.691497     2018.35    0.691406
 96081      4878.39     5.53233    -766.608     8.00215     2649.72     4274.52         100    0.691355      2018.3    0.691399
 96082      4878.42     5.53373    -766.639      8.0024     2649.76     4274.77         100    0.691509     2018.32    0.691399
 96083      4878.68     5.53356    -766.679     8.00166     2649.77     4275.05         100    0.691552     2018.34    0.691396
 96084      4878.83     5.53051    -766.604     8.00143     2649.79     4275.24         100     0.69119      2018.3    0.691394
 96085      4879.43      5.5368    -766.599     8.00165     2649.81     4275.43         100    0.691957      2018.3    0.691388
 96086       4879.8     5.53005    -766.587     8.00098     2649.86     4275.86         100    0.691171     2018.29    0.691384
 96087      4880.16     5.52729    -766.601     8.00173     2649.88     4276.02         100    0.690761      2018.3    0.691381
 96088      4880.17     5.53071    -766.561     8.00277     2649.91     4276.34         100    0.691099     2018.28    0.691381
 96089      4880.58     5.52833    -766.573     8.00196     2649.93      4276.5         100    0.690872     2018.29    0.691377
 96090      4881.04     5.53377    -766.231     8.00131     2649.95     4276.82         100    0.691608     2018.12    0.691373
 96091       4881.1     5.53132    -766.497     8.00115     2649.97     4277.25         100    0.691316     2018.25    0.691372
 96092      4881.41     5.52899    -766.408     8.00179        2650      4277.4         100    0.690969      2018.2     0.69137
 96093      4881.87     5.52866    -766.507     8.00088     2650.02     4277.73         100    0.691007     2018.25    0.691366
 96094      4881.98     5.52942    -766.523     8.00105     2650.06     4277.99         100    0.691087     2018.26    0.691365
 96095      4882.33     5.52751    -766.462     8.00121     2650.07     4278.23         100    0.690834     2018.23    0.691362
 96096      4882.48      5.5234     -766.31     8.00252     2650.09     4278.38         100    0.690208     2018.16    0.691361
 96097      4882.79     5.52935    -766.252     8.00292     2650.11     4278.49         100    0.690917     2018.13    0.691359
 96098      4883.52     5.53853    -766.281     8.00234     2650.16     4279.16         100    0.692114     2018.14    0.691354
 96099      4883.74     5.53255    -766.336     8.00127     2650.18     4279.39         100    0.691459     2018.17    0.691352
 96100       4884.1     5.53222    -766.296     8.00174     2650.23     4279.85         100    0.691377     2018.15     0.69135
 96101       4884.7      5.5387    -766.349     8.00306     2650.25     4280.19         100    0.692072     2018.17    0.691346
 96102      4884.77     5.53366    -766.085     8.00168     2650.27     4280.58         100    0.691563     2018.04    0.691346
 96103      4885.03     5.52578     -766.22     8.00074      2650.3     4280.69         100    0.690659     2018.11    0.691344
 96104      4885.28     5.52973    -766.241     8.00168     2650.32     4280.99         100    0.691071     2018.12    0.691343
 96105      4885.54     5.53547    -766.334     8.00276     2650.35     4281.23         100    0.691695     2018.17    0.691341
 96106      4886.12      5.5328    -766.323     8.00157     2650.37     4281.61         100    0.691464     2018.16    0.691338
 96107      4886.35     5.53426    -766.205      8.0014     2650.41     4281.83         100    0.691662      2018.1    0.691337
 96108       4886.4     5.53396    -766.344     8.00136     2650.42     4282.08         100    0.691628     2018.17    0.691337
 96109      4886.61     5.52799    -766.266     8.00205     2650.44     4282.26         100    0.690821     2018.13    0.691336
 96110      4887.09     5.53195    -766.215     8.00292     2650.46     4282.33         100    0.691242     2018.11    0.691334
 96111      4887.14     5.52921    -766.015      8.0018     2650.48     4282.48         100    0.690995     2018.01    0.691333
 96112      4887.68     5.53661      -765.9     8.00346     2650.51     4282.86         100    0.691776     2017.95    0.691331
 96113      4887.86      5.5305    -766.188     8.00166     2650.53     4283.08         100    0.691169     2018.09     0.69133
 96114      4888.17     5.53261    -766.235     8.00197     2650.55     4283.35         100    0.691406     2018.12    0.691329
 96115      4888.32     5.52711    -766.101     8.00201     2650.58     4283.64         100    0.690716     2018.05    0.691328
 96116      4888.53     5.52882    -766.038     8.00282      2650.6     4283.88         100    0.690859     2018.02    0.691327
 96117       4889.1     5.53148    -765.921      8.0026     2650.62     4284.23         100     0.69121     2017.96    0.691325
 96118      4889.49     5.52828    -765.974     8.00143     2650.67     4284.74         100    0.690912     2017.99    0.691324
 96119      4889.67     5.53044    -766.003      8.0005     2650.69     4284.99         100    0.691262        2018    0.691323
 96120      4890.07      5.5358    -766.065     8.00173     2650.71     4285.17         100    0.691825     2018.03    0.691322
 96121      4890.31      5.5248    -766.118     8.00035     2650.74     4285.52         100    0.690569     2018.06    0.691321
 96122      4890.57     5.52853    -766.107     8.00354     2650.76     4285.56         100     0.69076     2018.05     0.69132
 96123      4890.61     5.52795    -766.071     8.00139     2650.78     4285.74         100    0.690874     2018.04     0.69132
 96124      4890.67     5.53305     -766.03     8.00244      2650.8     4286.04         100     0.69142     2018.01     0.69132
 96125      4891.39     5.53461    -766.075     8.00252     2650.81     4286.16         100    0.691609     2018.04    0.691317
 96126      4891.56      5.5258    -765.808     8.00005     2650.83     4286.33         100    0.690721      2017.9    0.691317
 96127      4891.69     5.53629    -765.755     8.00229     2650.87     4286.91         100    0.691838     2017.88    0.691316
 96128      4892.14     5.53348    -765.863      8.0015     2650.88     4286.88         100    0.691555     2017.93    0.691315
 96129      4892.44     5.53423    -765.877     8.00288      2650.9     4287.22         100     0.69153     2017.94    0.691314
 96130      4892.56     5.53385    -765.765     8.00288     2650.92     4287.64         100    0.691483     2017.88    0.691314
 96131      4892.68     5.53338    -765.973     8.00164     2650.95     4287.93         100    0.691531     2017.99    0.691314
 96132      4893.28     5.53369     -765.87     8.00178     2650.97     4288.33         100    0.691557     2017.94    0.691312
 96133       4893.7     5.53715    -765.878     8.00255     2651.02     4289.08         100    0.691923     2017.94    0.691311
 96134      4894.23     5.53161    -765.944     8.00119     2651.04     4289.39         100    0.691349     2017.97     0.69131
 96135      4895.04     5.53806    -765.923     8.00129     2651.11     4290.14         100    0.692146     2017.96    0.691308
 96136      4895.16     5.53074     -765.69     8.00097     2651.13     4290.31         100    0.691258     2017.85    0.691308
 96137      4895.61     5.53071    -765.763     8.00153     2651.18     4290.82         100    0.691207     2017.88    0.691307
 96138      4895.86     5.53445     -765.75     8.00243      2651.2      4291.1         100    0.691596     2017.88    0.691307
 96139      4896.27     5.53785    -765.797     8.00161     2651.22      4291.5         100    0.692092      2017.9    0.691306
 96140       4896.4     5.53168    -765.669     8.00202     2651.25     4291.76         100    0.691285     2017.83    0.691306
 96141      4896.79     5.53221    -765.617     8.00163     2651.27     4292.09         100    0.691385     2017.81    0.691305
 96142      4896.86     5.52969    -765.796     8.00043     2651.29      4292.3         100    0.691174      2017.9    0.691305
 96143      4896.99     5.53335    -765.639     8.00191     2651.31     4292.44         100    0.691504     2017.82    0.691305
 96144      4897.38     5.53231    -765.625     8.00238     2651.32     4292.73         100    0.691333     2017.81    0.691304
 96145       4898.1     5.53467    -765.594      8.0012     2651.36     4293.13         100     0.69173      2017.8    0.691303
 96146      4898.46     5.53342    -765.676      8.0032     2651.41     4293.71         100    0.691401     2017.84    0.691302
 96147      4898.76     5.52838    -765.567     8.00225     2651.43     4293.93         100    0.690853     2017.78    0.691302
 96148      4898.91     5.53115    -765.607     8.00166     2651.46     4294.27         100     0.69125      2017.8    0.691302
 96149      4899.42     5.52618    -765.796     8.00124     2651.48     4294.46         100    0.690665      2017.9    0.691301
 96150      4899.44     5.52686    -765.207     8.00112      2651.5     4294.72         100    0.690762      2017.6    0.691301
 96151      4899.63     5.53244    -765.607     8.00219     2651.52     4295.13         100    0.691366      2017.8    0.691301
 96152      4900.09     5.53486    -765.538     8.00093     2651.55     4295.48         100    0.691777     2017.77      0.6913
 96153      4900.64     5.53451    -765.437     8.00161     2651.57     4295.94         100    0.691675     2017.72      0.6913
 96154       4900.9     5.52966    -765.519     8.00245     2651.62     4296.56         100    0.690996     2017.76    0.691299
 96155      4900.94       5.529    -765.334     8.00245     2651.64     4296.82         100    0.690913     2017.67    0.691299
 96156      4901.48     5.53684     -765.48     8.00196     2651.66     4297.06         100    0.691936     2017.74    0.691299
 96157      4902.03     5.53486    -765.533     8.00218     2651.71     4297.76         100    0.691669     2017.77    0.691298
 96158      4902.37     5.53148     -765.32     8.00055     2651.73     4298.11         100    0.691387     2017.66    0.691298
 96159      4902.51      5.5313    -765.376     8.00106     2651.76     4298.51         100    0.691321     2017.69    0.691298
 96160      4902.72     5.52731    -765.425     8.00026     2651.78     4298.66         100    0.690891     2017.71    0.691297
 96161      4903.09     5.53379    -765.464     8.00194      2651.8     4298.97         100    0.691557     2017.73    0.691297
 96162      4903.19     5.53187     -765.16     8.00193     2651.82      4299.4         100    0.691317     2017.58    0.691297
 96163      4903.44     5.52893    -765.466     8.00141     2651.85     4299.63         100    0.690995     2017.73    0.691297
 96164      4904.04     5.53223    -765.328     8.00095     2651.87     4300.02         100    0.691447     2017.66    0.691296
 96165      4904.14     5.53467    -765.316     8.00133     2651.91     4300.35         100    0.691719     2017.66    0.691296
 96166      4904.65     5.53216    -765.124     8.00276     2651.92     4300.63         100    0.691282     2017.56    0.691296
 96167      4904.91     5.53434    -765.262     8.00205     2651.96     4300.96         100    0.691615     2017.63    0.691296
 96168      4905.04     5.52874    -765.284     8.00124     2651.99     4301.55         100    0.690986     2017.64    0.691295
 96169      4905.81      5.5317    -765.264     8.00209     2652.01     4301.72         100    0.691281     2017.63    0.691295
 96170      4905.84     5.52627    -765.562     8.00031     2652.03     4301.87         100    0.690757     2017.78    0.691295
 96171      4906.08     5.53129     -765.08     8.00201     2652.06     4302.27         100    0.691238     2017.54    0.691295
 96172      4906.54     5.52725      -765.1     8.00166     2652.08     4302.44         100    0.690764     2017.55    0.691294
 96173       4906.6     5.53096    -765.217     8.00169      2652.1      4302.7         100    0.691224     2017.61    0.691294
 96174      4906.85      5.5317    -765.124     8.00131     2652.12     4303.08         100    0.691349     2017.56    0.691294
 96175      4907.03     5.52662    -765.128     8.00109     2652.13     4303.03         100    0.690733     2017.56    0.691294
 96176      4907.11     5.52228    -765.078     8.00089     2652.15     4303.27         100    0.690209     2017.54    0.691294
 96177       4907.5     5.52619    -765.198     8.00172     2652.17     4303.57         100    0.690625      2017.6    0.691294
 96178      4907.53     5.52899    -765.126     8.00209      2652.2     4303.83         100    0.690943     2017.56    0.691294
 96179      4907.54     5.53159    -764.947     8.00176     2652.21     4303.97         100    0.691297     2017.47    0.691294
 96180      4908.25     5.53058    -765.156     8.00094     2652.22     4304.25         100    0.691242     2017.58    0.691293
 96181      4908.34     5.52559     -765.04     8.00094     2652.24     4304.45         100    0.690617     2017.52    0.691293
 96182      4908.56     5.52963    -765.161     8.00168     2652.26     4304.55         100    0.691058     2017.58    0.691293
 96183      4908.77     5.52454    -765.086     8.00117     2652.29     4305.01         100    0.690466     2017.54    0.691293
 96184      4909.21     5.53046    -764.907     8.00161     2652.31     4305.19         100    0.691169     2017.45    0.691293
 96185      4909.43     5.52745    -764.883     8.00039     2652.33     4305.45         100    0.690897     2017.44    0.691293
 96186      4909.92     5.53352    -765.033      8.0026     2652.36     4305.85         100    0.691466     2017.52    0.691293
 96187      4910.14     5.52683    -764.943     8.00125     2652.38     4306.05         100    0.690746     2017.47    0.691293
 96188       4910.2     5.53025    -764.821     8.00214      2652.4     4306.31         100    0.691097     2017.41    0.691293
 96189      4910.41      5.5329    -765.052     8.00234     2652.42      4306.7         100     0.69141     2017.53    0.691292
 96190      4910.63     5.52872    -765.011     8.00141     2652.43     4306.65         100    0.690969     2017.51    0.691292
 96191      4910.95     5.52994    -764.955     8.00171     2652.45      4306.9         100    0.691094     2017.48    0.691292
 96192      4911.14     5.53216    -765.079     8.00211     2652.47      4307.2         100    0.691338     2017.54    0.691292
 96193      4911.24     5.53222    -764.925     8.00202      2652.5     4307.38         100    0.691353     2017.46    0.691292
 96194       4911.8     5.53237    -764.849     8.00093     2652.52     4307.74         100    0.691465     2017.42    0.691292
 96195      4912.13      5.5385     -764.91     8.00219     2652.56     4308.09         100    0.692123     2017.46    0.691292
 96196      4912.31     5.53675    -764.957     8.00093     2652.57     4308.38         100    0.692013     2017.48    0.691292
 96197      4912.51     5.52741    -764.792     8.00101     2652.59     4308.56         100    0.690839      2017.4    0.691292
 96198      4912.71     5.52746    -764.966     8.00239     2652.61     4308.63         100    0.690726     2017.48    0.691292
 96199      4912.72     5.52907    -764.922     8.00199     2652.63     4308.81         100    0.690962     2017.46    0.691292
 96200      4912.97     5.53619    -764.906     8.00227     2652.65     4309.15         100    0.691828     2017.45    0.691292
 96201      4913.49     5.53551    -764.735      8.0018     2652.66     4309.27         100    0.691783     2017.37    0.691291
 96202      4913.67      5.5273    -764.924     8.00118     2652.68     4309.43         100     0.69081     2017.46    0.691291
 96203       4913.9     5.53163    -765.006     8.00246     2652.72     4310.08         100    0.691242      2017.5    0.691291
 96204      4914.31     5.52742    -764.762     8.00196     2652.73     4310.04         100    0.690758     2017.38    0.691291
 96205      4914.43     5.52436     -764.68     8.00108     2652.75     4310.34         100    0.690453     2017.34    0.691291
 96206      4914.56     5.52528    -764.949     8.00092     2652.77     4310.68         100    0.690581     2017.47    0.691291
 96207      4914.91     5.53189    -764.674     8.00287      2652.8     4310.95         100    0.691238     2017.34    0.691291
 96208       4915.4     5.53125     -764.73     8.00229     2652.82     4311.42         100    0.691209     2017.37    0.691291
 96209      4915.87     5.53102    -764.786     8.00137     2652.86     4311.68         100     0.69126     2017.39    0.691291
 96210      4915.88      5.5268    -764.747      8.0005     2652.87     4311.92         100    0.690807     2017.37    0.691291
 96211      4915.94     5.52008    -764.708     8.00028     2652.89     4312.01         100    0.689986     2017.35    0.691291
 96212       4916.1     5.52498     -764.67     8.00107     2652.91     4312.05         100     0.69053     2017.34    0.691291
 96213      4916.47     5.52645    -764.848     8.00244     2652.93      4312.2         100    0.690595     2017.42    0.691291
 96214      4916.96     5.53093    -764.441     8.00278     2652.96     4312.54         100    0.691126     2017.22     0.69129
 96215      4917.31     5.52632    -764.694     8.00105     2652.98     4312.72         100    0.690699     2017.35     0.69129
 96216      4917.44     5.53042    -764.467     8.00081     2653.02      4313.3         100    0.691233     2017.23     0.69129
 96217      4917.99      5.5267    -764.489     8.00066     2653.03     4313.23         100    0.690781     2017.24     0.69129
 96218         4918     5.52587    -764.632     8.00111     2653.05     4313.47         100    0.690638     2017.32     0.69129
 96219      4918.27     5.53046    -764.565     8.00136     2653.07     4313.76         100     0.69119     2017.28     0.69129
 96220      4918.45      5.5313    -764.477     8.00224      2653.1     4313.99         100    0.691219     2017.24     0.69129
 96221      4919.08      5.5334     -764.55      8.0016     2653.12     4314.37         100    0.691537     2017.28     0.69129
 96222      4919.21      5.5345    -764.675     8.00209     2653.17     4314.95         100    0.691632     2017.34     0.69129
 96223       4919.4     5.53269     -764.73     8.00142     2653.19     4315.14         100    0.691463     2017.37     0.69129
 96224       4920.2     5.53757    -764.645     8.00218     2653.21     4315.27         100    0.692009     2017.32     0.69129
 96225      4920.49     5.53403    -764.495     8.00211     2653.26     4315.78         100    0.691572     2017.25     0.69129
 96226      4920.88     5.53056    -764.699      8.0012     2653.28     4316.02         100    0.691217     2017.35     0.69129
 96227       4921.1     5.53606    -764.557     8.00211     2653.32     4316.79         100    0.691824     2017.28     0.69129
 96228      4921.33      5.5316     -764.64     8.00095     2653.33     4316.72         100    0.691368     2017.32     0.69129
 96229      4921.44     5.53495    -764.488     8.00136     2653.35     4316.98         100    0.691751     2017.24     0.69129
 96230      4922.04     5.53991    -764.536     8.00204     2653.37     4317.39         100    0.692312     2017.27     0.69129
 96231      4922.54     5.53551    -764.462     8.00086     2653.42     4317.92         100    0.691864     2017.23     0.69129
 96232      4922.63     5.52983    -764.595     8.00208     2653.44     4318.12         100    0.691049      2017.3    0.691289
 96233      4922.73     5.53449    -764.596      8.0016     2653.46     4318.27         100    0.691674      2017.3    0.691289
 96234      4923.13     5.53433    -764.482     8.00103     2653.47     4318.55         100    0.691702     2017.24    0.691289
 96235      4923.62     5.53079    -764.241     8.00137     2653.51     4318.84         100     0.69123     2017.12    0.691289
 96236      4924.26     5.53532    -764.564     8.00121     2653.56     4319.49         100     0.69181     2017.28    0.691289
 96237      4924.67     5.52712    -764.383     8.00112     2653.58     4319.67         100    0.690793     2017.19    0.691289
 96238      4924.85     5.52591    -764.254      8.0013     2653.63     4320.19         100    0.690626     2017.13    0.691289
 96239      4925.28     5.53248    -764.384     8.00172     2653.65     4320.59         100    0.691412     2017.19    0.691289
 96240       4925.6     5.53339    -764.284     8.00162     2653.67     4321.05         100    0.691533     2017.14    0.691289
 96241      4925.76     5.52909    -764.319     8.00046      2653.7     4321.29         100    0.691096     2017.16    0.691289
 96242      4926.18     5.52826    -764.209     8.00024     2653.72     4321.65         100    0.691011      2017.1    0.691289
 96243      4926.47     5.53284    -764.233     8.00148     2653.76     4322.01         100    0.691477     2017.12    0.691289
 96244      4926.59      5.5298    -764.324     8.00138     2653.77     4322.26         100    0.691105     2017.16    0.691289
 96245      4926.75     5.52598    -764.228     8.00092     2653.79      4322.4         100    0.690668     2017.11    0.691289
 96246      4927.25     5.53492    -764.034     8.00147     2653.81     4322.55         100    0.691739     2017.02    0.691289
 96247      4927.92     5.53865    -764.182     8.00221     2653.86     4323.19         100     0.69214     2017.09    0.691289
 96248       4928.1     5.53142    -763.987     8.00068     2653.88     4323.39         100    0.691368     2016.99    0.691289
 96249      4928.11      5.5329    -764.074      8.0027      2653.9     4323.64         100     0.69138     2017.04    0.691289
 96250      4928.16     5.53513    -763.992     8.00261     2653.91     4323.72         100    0.691665        2017    0.691289
 96251      4928.53     5.52996    -764.142     8.00102     2653.93     4323.91         100    0.691157     2017.07    0.691289
 96252      4929.01       5.534    -764.273     8.00169     2653.95      4324.2         100    0.691604     2017.14    0.691289
 96253      4929.23     5.53217    -764.083     8.00185     2653.97     4324.58         100    0.691361     2017.04    0.691289
 96254      4929.33     5.52968    -764.127     8.00021        2654     4324.77         100    0.691192     2017.06    0.691289
 96255      4929.81      5.5306    -764.052     8.00152     2654.02     4325.09         100    0.691193     2017.03    0.691289
 96256      4929.98     5.52592    -763.892     8.00278     2654.04     4325.23         100      0.6905     2016.95    0.691289
 96257      4930.25     5.52634    -764.076     8.00164     2654.07     4325.53         100    0.690651     2017.04    0.691289
 96258      4930.74     5.53499    -764.001     8.00299     2654.11     4325.87         100    0.691615        2017    0.691289
 96259      4931.54     5.53823    -763.869     8.00056     2654.16     4326.62         100     0.69223     2016.93    0.691289
 96260       4931.8     5.53056    -763.997     8.00075     2654.18     4326.88         100    0.691255        2017    0.691289
 96261      4932.43     5.52986    -763.835     8.00127     2654.23     4327.49         100    0.691123     2016.92    0.691289
 96262      4932.44     5.52934    -764.068     8.00241     2654.25     4327.81         100    0.690959     2017.03    0.691289
 96263      4932.61     5.53184    -763.967     8.00093     2654.27     4328.15         100      0.6914     2016.98    0.691289
 96264      4933.12      5.5344    -764.065     8.00196      2654.3     4328.41         100    0.691631     2017.03    0.691289
 96265      4933.58     5.53267    -763.899     8.00096     2654.32     4328.76         100      0.6915     2016.95    0.691289
 96266      4933.76     5.52828    -763.879     8.00084     2654.37     4329.18         100    0.690963     2016.94    0.691289
 96267         4934     5.52577     -763.89      8.0012     2654.39     4329.33         100    0.690617     2016.95    0.691289
 96268       4934.5     5.53175    -763.865     8.00127     2654.41     4329.47         100    0.691359     2016.93    0.691289
 96269      4934.91     5.53039    -763.885     8.00148     2654.46     4330.01         100    0.691171     2016.94    0.691289
 96270      4935.27     5.52837    -763.736     8.00161     2654.48     4330.21         100    0.690907     2016.87    0.691289
 96271      4935.41       5.535     -763.88     8.00096     2654.51     4330.56         100    0.691793     2016.94    0.691289
 96272      4935.83     5.53008    -763.713     8.00156     2654.53     4330.76         100    0.691126     2016.86    0.691289
 96273      4936.06      5.5326    -763.475     8.00292     2654.55     4331.06         100    0.691323     2016.74    0.691289
 96274      4936.24     5.53566    -763.496     8.00138     2654.57     4331.49         100    0.691839     2016.75    0.691289
 96275      4936.61     5.53663    -763.667     8.00242      2654.6     4331.73         100     0.69187     2016.83    0.691289
 96276      4936.89     5.53336    -763.529      8.0009     2654.62     4332.07         100    0.691592     2016.76    0.691289
 96277      4937.04     5.53517    -763.705     8.00129     2654.66     4332.32         100    0.691785     2016.85    0.691289
 96278      4937.32     5.53363    -763.704     8.00073     2654.67     4332.59         100    0.691641     2016.85    0.691289
 96279      4937.56      5.5305     -763.77     8.00048     2654.69     4332.76         100    0.691271     2016.89    0.691289
 96280      4938.07     5.53692    -763.857     8.00196     2654.71     4332.94         100    0.691946     2016.93    0.691289
 96281      4938.75     5.53773    -763.502     8.00214     2654.76     4333.65         100    0.692031     2016.75    0.691289
 96282      4938.89     5.52896    -763.441     8.00066     2654.78     4333.85         100    0.691063     2016.72    0.691289
 96283      4939.39     5.53155    -763.517     8.00252     2654.83     4334.43         100    0.691226     2016.76    0.691289
 96284      4939.58     5.53056    -763.408     8.00073     2654.85     4334.71         100    0.691257      2016.7    0.691289
 96285      4939.71     5.53243    -763.594     8.00183     2654.87     4335.03         100    0.691396      2016.8    0.691289
