MaxFrictionRow,MinFrictionRow
1098856,1102086
1106170,1109423
1112515,1116092
1118115,1122866
1125384,1128760
1131834,1135605
1138198,1141946
1144450,1147356
1150971,1153656
1156770,1159825
1163386,1165907
1169249,1171990
1175469,1178479
1181854,1184191
1188253,1190863
1195150,1196921
1202150,1203678
1209364,1211242
1216851,1218638
1224944,1226424
1233559,1235016
1241711,1243319
1250508,1251895
1259426,1261044
1268573,1269699
1278086,1279745
1287191,1288051
1297380,1299387
1305658,1306534
1315550,1317742
1324861,1325824
1335380,1336812
1344249,1345312
1355152,1356744
1364831,1365692
1376158,1377290
1386071,1386991
1397326,1398331
1407274,1408109
1419046,1419955
1429593,1430533
1440331,1441390
1451220,1452356
1461847,1462738
1472764,1473640
1483844,1484822
1572582,1581515
1590728,1591351
1600136,1601063
1610503,1611132
1621103,1621676
1631275,1631766
1641490,1642310
1651431,1652402
1662424,1663181
1673355,1674084
1683400,1684047
1694495,1695289
1704436,1705051
1715050,1715950
1726206,1726904
1736132,1736739
1746968,1747714
1757644,1758481
1768267,1769154
1779195,1779951
1789841,1790484
1800459,1801263
1811261,1811904
1822161,1822883
1832667,1833455
1843200,1844070
1853700,1854473
1864772,1865707
1876354,1877141
1886836,1887633
1897490,1898330
1907413,1908469
1917520,1918235
1927628,1928322
1937786,1938372
1947210,1947991
1958718,1959478
1968708,1969517
1979462,1980255
1988817,1989777
1999654,2000374
2009746,2010576
2020067,2020684
2030076,2030647
2040719,2041454
2050552,2051261
2061107,2061698
2071202,2071875
2081355,2082020
2091323,2091926
2102064,2102850
2112396,2113120
2122986,2123606
2133232,2133896
2143207,2143799
2153441,2154122
2164152,2164807
2173842,2174380
2183760,2184353
2193828,2194399
2203566,2204016
2214503,2214958
2224745,2225352
2235006,2235627
2245399,2246041
2254540,2255147
2265242,2265627
2275066,2275748
2284489,2284884
2294826,2295567
2305519,2306076
2315450,2316270
2325813,2326661
2336345,2336828
2346295,2347135
2357494,2357997
2367657,2368115
2377836,2378405
2387878,2388515
2716240,2558909
2731436,2732024
2740683,2741234
2750423,2750774
2760051,2760660
2770211,2770527
2780590,2780904
2790448,2790852
2800650,2801110
2810549,2811111
2820014,2820391
2829724,2830499
2839527,2840266
2849821,2850369
2858830,2859614
2868447,2869049
2878025,2878879
2888485,2888947
2898183,2898898
2908191,2908579
2918636,2919143
2928829,2929423
2938834,2939343
2949038,2949893
2959138,2960140
2969064,2969705
2979081,2979462
2988661,2989293
2999284,2999738
3008500,3009148
3018143,3018647
3028131,3028541
3037312,3037703
3047327,3047887
3057016,3057555
3067673,3068086
3077260,3077950
3087372,3087789
3097063,3097682
3107039,3107350
3116741,3117051
3126390,3126738
3136124,3136502
3145594,3146076
3155004,3155348
3165263,3165764
3174851,3175317
3184450,3184886
3193717,3194209
3203405,3203919
3213541,3213953
3223694,3224328
3232206,3232845
3242060,3242771
3252093,3252663
3262123,3262357
3271541,3272089
3282013,3282501
3291746,3292179
3301256,3301885
3310809,3311339
3320689,3321216
3330669,3331225
3340003,3340545
3350185,3350626
3360383,3360789
3369599,3369954
3378785,3379400
3388835,3389392
3398560,3399131
3409064,3409485
3419206,3419945
3429041,3429581
3439126,3439127
3448095,3448403
3456974,3457931
3467641,3468135
3477759,3478274
3487782,3488180
3497595,3497777
3507619,3508091
3517303,3517926
3527007,3527436
3536196,3536454
3545926,3546490
3556013,3556327
3565537,3565989
3575055,3575449
3584069,3584547
3593301,3593807
3603064,3603414
3612414,3613039
3622039,3622566
3631143,3631823
3641000,3641379
3650701,3651156
3660419,3660815
3670026,3670467
3679328,3679818
3688695,3689269
3698365,3698970
3707683,3708142
3717019,3717417
3726652,3727051
3736414,3736734
3746041,3746377
3755711,3756065
3765060,3765651
3774598,3774954
3783827,3784137
3793111,3793376
3803019,3803320
3812450,3812751
3821633,3822208
3831048,3831463
3839586,3840113
3849120,3849521
3858029,3858459
3867664,3868191
3876749,3877174
3885530,3886104
3895005,3895413
3904747,3905157
3914818,3915174
3924196,3924791
3933509,3933912
3943273,3943746
3952486,3952814
3962108,3962574
3972086,3972300
3981284,3981821
3990624,3991056
4000003,4000533
4009281,4009629
4018837,4019240
4028222,4028699
4037309,4037727
4046436,4046880
4055055,4055651
4064304,4064746
4073229,4073697
4082823,4083203
4091724,4092103
4101012,4101436
4110754,4111192
4120115,4120729
4234802,4242206
4251619,4251810
4260830,4261209
4270146,4270527
4279746,4280133
4288664,4288954
4298037,4298312
4306858,4307288
4316690,4317131
4325850,4326207
4335330,4335622
4345014,4345387
4354489,4354859
4364039,4364337
4373355,4373712
4382589,4382877
4391849,4392393
4401166,4401479
4410229,4410727
4419633,4420025
4428411,4428801
4437641,4438015
4447062,4447306
4456716,4457056
4466444,4466751
4475861,4476193
4485080,4485573
4494375,4494657
4504134,4504310
4513029,4513285
4522051,4522276
4531336,4531604
4540304,4540557
4549510,4549793
4558827,4559093
4568387,4568615
4577230,4577513
4586601,4586900
4595515,4595878
4604756,4605099
4613736,4614083
4622517,4622926
4632344,4632634
4641801,4642160
4650677,4651045
4660002,4660335
4668990,4669365
4678173,4678875
4688071,4688297
4696726,4697013
4706089,4706295
4715159,4715401
4723827,4724276
4732336,4732690
4741435,4741769
4750726,4750965
4759568,4759775
4768668,4768876
4777764,4777978
4786430,4786645
4795058,4795466
4804028,4804509
4812847,4813149
4821829,4822249
4830827,4831196
4840104,4840462
4849270,4849584
4858549,4858884
4868086,4868641
4877025,4877508
4886669,4887062
4895551,4895913
4905075,4905650
4914702,4915106
4923835,4924182
4932819,4933396
4941761,4942126
4950847,4951215
4959544,4959928
4968555,4968872
4977279,4977650
4986705,4986978
4995790,4996080
5005695,5006029
5015351,5015645
5025081,5025417
5034481,5034690
5043758,5043931
5053044,5053196
5062107,5062403
5071465,5071675
5080754,5081021
5090147,5090497
5099594,5099874
5107853,5108305
5116717,5117018
5125632,5126020
5134551,5134843
5142837,5143217
5151742,5152095
5160599,5160868
5170331,5170580
5179774,5180108
5188638,5188961
5197833,5198155
5206432,5206645
5215784,5216071
5224833,5225194
5234035,5234221
5243041,5243614
5252341,5252661
5260835,5261268
5270054,5270370
5278508,5278823
5288050,5288462
5296855,5297420
5305850,5306242
5314840,5315209
5324031,5324570
5333077,5333736
5342832,5343125
5351811,5352047
5361066,5361261
5369668,5370076
5379204,5379507
5388660,5388907
5397826,5398200
5407213,5407461
5416167,5416500
5425065,5425454
5433693,5434224
5443253,5443524
5452187,5452399
5461037,5461450
5470790,5471150
5480023,5480515
5489050,5489474
5498155,5498689
5506570,5507012
5515837,5516295
5524450,5524851
5533252,5533841
5540065,5542553
5551464,5552025
5559595,5560056
5569010,5569447
5577470,5577992
5586613,5587025
5595059,5595727
5604420,5604896
5613681,5614145
5622811,5623341
5631834,5632437
5640427,5640879
