Event,StartRow,FailRow,EndRow,SlipDuration,Stiffness,NptsStiffness,StiffnessIntercept,FailTime,FailDisplacement,50_Mean_Velocity,Peak_Velocity
0,940776,943728,947743,4.020000,0.000014,2952,0.559872,2876.290000,8987.490000,7.886234,15.141265
1,947743,950241,954685,4.450000,0.000023,2498,0.480350,2882.800000,9052.730000,7.691591,14.075803
2,954685,957826,961579,3.750000,0.000025,3141,0.464712,2890.390000,9128.460000,7.672449,14.150476
3,961579,964840,968600,3.760000,0.000029,1013,0.423256,2897.400000,9198.480000,7.244469,13.426574
4,968600,971775,975724,3.950000,0.000025,3175,0.456049,2904.340000,9267.640000,7.724463,15.972329
5,975724,977828,981738,3.910000,0.000047,1102,0.249178,2910.390000,9328.220000,8.148301,15.249603
6,981738,984884,988723,3.840000,0.000026,3146,0.442459,2917.450000,9398.600000,7.980072,12.829326
7,988723,991307,995330,4.020000,0.000031,2583,0.393287,2923.870000,9462.690000,7.387712,13.276800
8,995330,997805,1001067,3.260000,0.000049,2475,0.216264,2930.370000,9527.630000,8.034187,13.907440
9,1001067,1005358,1007987,2.630000,0.000032,4001,0.380110,2937.920000,9602.980000,7.970192,14.159198
10,1007987,1011442,1015022,3.580000,0.000032,3455,0.377144,2944.000000,9663.930000,7.315267,13.275112
11,1015022,1018198,1021970,3.770000,0.000041,3175,0.288990,2950.760000,9731.120000,7.244362,13.383976
12,1021970,1025176,1028406,3.230000,0.000074,2622,-0.038484,2957.740000,9800.720000,7.187039,15.464251
13,1028406,1032118,1034512,2.390000,0.000091,3185,-0.211964,2964.680000,9869.950000,6.440866,15.996664
14,1034512,1038872,1041147,2.280000,0.000111,4359,-0.414673,2971.430000,9937.350000,5.830928,15.341012
15,1041147,1045675,1048031,2.350000,0.000149,4238,-0.800493,2978.240000,10005.300000,6.181291,20.508078
16,1048031,1052774,1054899,2.120000,0.000192,3878,-1.251490,2985.340000,10076.000000,5.069757,25.143123
17,1054899,1059997,1061885,1.890000,0.000236,3625,-1.709232,2992.560000,10148.100000,5.052407,30.946936
18,1061885,1067294,1069284,1.990000,0.000253,4126,-1.899827,2999.860000,10220.600000,3.688489,38.025644
19,1069284,1075101,1076920,1.820000,0.000260,4414,-1.991034,3007.660000,10298.500000,3.890947,42.620040
20,1076920,1082812,1084473,1.670000,0.000285,3647,-2.269329,3015.370000,10375.300000,4.460904,66.592154
21,1084473,1091236,1092922,1.680000,0.000314,3756,-2.590729,3023.800000,10459.000000,3.465500,57.653830
22,1092922,1099429,1100965,1.540000,0.000302,3526,-2.488755,3031.990000,10538.700000,3.902981,84.287060
23,1100965,1108005,1109254,1.250000,0.000328,3952,-2.787048,3040.570000,10623.900000,2.864791,157.207500
24,1109254,1116574,1118132,1.550000,0.000340,3988,-2.942951,3049.140000,10709.300000,4.543139,125.594918
25,1118132,1125210,1126585,1.380000,0.000340,3462,-2.979050,3057.770000,10795.700000,3.883773,180.283766
26,1126585,1134150,1135498,1.350000,0.000356,3863,-3.176727,3066.710000,10884.600000,3.502460,275.634680
27,1135498,1144453,1146060,1.600000,0.000379,3031,-3.460392,3077.020000,10987.600000,3.415198,63.584011
28,1146060,1152082,1153163,1.090000,0.000297,4029,-2.591366,3084.640000,11063.700000,3.798108,238.139201
29,1153163,1161179,1162243,1.070000,0.000387,3006,-3.615957,3093.740000,11154.400000,3.114064,442.394984
30,1162243,1170688,1172005,1.320000,0.000400,3138,-3.801675,3103.250000,11248.900000,3.196345,314.577634
31,1172005,1179783,1181031,1.240000,0.000382,3310,-3.636766,3112.350000,11339.800000,3.162627,410.348369
32,1181031,1189245,1190256,1.010000,0.000392,3472,-3.788401,3121.810000,11434.300000,2.534295,825.399156
33,1190256,1199466,1200695,1.230000,0.000436,2776,-4.326706,3132.030000,11536.100000,3.005308,614.591909
34,1200695,1209341,1210642,1.300000,0.000422,2365,-4.206604,3141.900000,11634.600000,2.981643,489.947214
35,1210642,1219153,1220207,1.050000,0.000407,3115,-4.074791,3151.720000,11732.500000,3.184048,671.407091
36,1220207,1229213,1230307,1.090000,0.000427,3239,-4.347079,3161.780000,11832.900000,3.304182,632.017641
37,1230307,1239064,1240235,1.170000,0.000419,3291,-4.303709,3171.630000,11931.200000,3.182952,760.718696
38,1240235,1249190,1250131,0.940000,0.000436,2741,-4.550468,3181.750000,12032.300000,2.896518,689.941552
39,1250131,1258824,1259740,0.910000,0.000423,2943,-4.431783,3191.390000,12128.400000,2.824665,948.594858
40,1259740,1269082,1270070,0.990000,0.000444,2494,-4.734983,3201.640000,12230.800000,1.968929,748.979520
41,1270070,1278977,1279951,0.970000,0.000430,2850,-4.599124,3211.540000,12329.500000,3.458079,690.718348
42,1279951,1288614,1289648,1.030000,0.000416,3431,-4.471640,3221.180000,12425.600000,2.645386,800.381218
43,1289648,1298434,1299324,0.890000,0.000431,3256,-4.699851,3231.000000,12523.800000,1.738483,941.487972
44,1299324,1308703,1309705,1.000000,0.000431,4101,-4.745234,3241.270000,12626.000000,2.325609,572.881257
45,1309705,1317843,1318712,0.860000,0.000416,3037,-4.589404,3250.410000,12717.600000,3.184573,826.924147
46,1318712,1327801,1328720,0.920000,0.000445,2734,-4.999625,3260.360000,12816.900000,2.918233,873.111129
47,1328720,1337675,1338659,0.980000,0.000434,3387,-4.909402,3270.240000,12915.300000,2.860979,781.098099
48,1338659,1347344,1348430,1.080000,0.000432,3218,-4.921679,3279.910000,13011.900000,3.120039,819.962846
49,1348430,1357456,1358337,0.880000,0.000444,2762,-5.120362,3290.020000,13112.900000,3.180564,728.424154
50,1358337,1367124,1368013,0.890000,0.000439,2915,-5.106307,3299.690000,13209.200000,2.792291,979.528130
51,1368013,1377119,1378172,1.050000,0.000441,3412,-5.169200,3309.680000,13309.000000,3.370106,868.211582
52,1378172,1387178,1387888,0.710000,0.000471,1867,-5.608811,3319.740000,13409.300000,2.979517,917.127004
53,1387888,1397096,1397816,0.720000,0.000455,2741,-5.450194,3329.660000,13508.300000,2.519777,865.574629
54,1397816,1406471,1407335,0.870000,0.000428,3400,-5.130105,3339.030000,13602.000000,0.686765,1062.920358
55,1407335,1416694,1417425,0.730000,0.000448,2946,-5.445082,3349.260000,13703.800000,1.117124,1099.206664
56,1417425,1426684,1427570,0.880000,0.000461,2575,-5.661094,3359.250000,13803.600000,0.453930,1071.986205
57,1427570,1436766,1437690,0.920000,0.000434,4136,-5.337219,3369.330000,13904.100000,4.047803,978.077966
58,1437690,1447002,1447732,0.730000,0.000458,2405,-5.708390,3379.560000,14006.100000,4.693176,1116.184658
59,1447732,1538202,1546888,8.690000,0.000475,2410,-5.999990,3470.760000,14135.600000,2.785322,1208.056083
60,1546888,1555477,1556005,0.530000,0.000444,4159,-5.662838,3488.040000,14307.900000,2.105990,1416.148209
61,1556005,1565250,1565957,0.710000,0.000454,4067,-5.841338,3497.810000,14405.400000,6.026054,1241.452173
62,1565957,1574745,1575511,0.760000,0.000453,4201,-5.873271,3507.310000,14500.800000,10.216161,1514.760951
63,1575511,1585038,1585733,0.700000,0.000530,1882,-7.039799,3517.600000,14603.500000,0.001322,1193.286990
64,1585733,1594445,1595038,0.590000,0.000440,4709,-5.775768,3527.010000,14696.900000,3.128213,1423.574589
65,1595038,1604452,1605209,0.760000,0.000465,4246,-6.180335,3537.010000,14796.900000,0.764823,1157.492770
66,1605209,1613900,1614606,0.710000,0.000450,3923,-6.005872,3546.460000,14890.900000,2.964456,1089.508247
67,1614606,1623306,1623912,0.600000,0.000459,2851,-6.182238,3555.870000,14984.800000,1.040963,1137.639145
68,1623912,1632954,1633495,0.540000,0.000438,4547,-5.916116,3565.520000,15081.700000,2.602010,1215.792048
69,1633495,1642316,1642996,0.680000,0.000447,3969,-6.089499,3574.880000,15174.700000,4.367672,1081.120009
70,1642996,1651775,1652315,0.540000,0.000455,3451,-6.247360,3584.340000,15269.400000,2.353690,1302.273135
71,1652315,1661779,1662450,0.670000,0.000438,5583,-6.030907,3594.340000,15368.900000,4.585125,1414.869551
72,1662450,1671858,1672389,0.530000,0.000532,1545,-7.520329,3604.420000,15469.600000,3.232279,1442.899995
73,1672389,1681692,1682436,0.750000,0.000451,4062,-6.325183,3614.250000,15568.300000,4.633237,1343.460406
74,1682436,1691790,1692489,0.700000,0.000523,1547,-7.488539,3624.350000,15669.200000,2.348379,1396.312754
75,1692489,1702097,1702621,0.520000,0.000446,4940,-6.331531,3634.660000,15771.400000,0.264704,1389.677949
76,1702621,1712010,1712509,0.500000,0.000526,1711,-7.637011,3644.570000,15870.400000,1.660676,1386.587810
77,1712509,1721812,1722506,0.700000,0.000542,1471,-7.955213,3654.370000,15968.200000,1.805499,1165.865220
78,1722506,1731687,1732262,0.570000,0.000491,2240,-7.189339,3664.250000,16065.900000,4.991926,1506.613666
79,1732262,1742086,1742672,0.580000,0.000487,3100,-7.172997,3674.650000,16169.700000,0.000508,1452.446807
80,1742672,1752256,1752808,0.550000,0.000479,3051,-7.093849,3684.820000,16271.300000,4.431568,1377.642802
81,1752808,1762235,1762806,0.570000,0.000453,3960,-6.710250,3694.800000,16371.600000,3.554208,1413.853210
82,1762806,1772360,1772877,0.520000,0.000451,4405,-6.730032,3704.920000,16471.900000,0.765766,1581.563788
83,1772877,1782915,1783508,0.590000,0.000562,1243,-8.608826,3715.480000,16577.700000,5.122195,1545.404731
84,1783508,1793414,1794055,0.640000,0.000546,1630,-8.401771,3725.980000,16682.200000,4.092512,1261.179858
85,1794055,1802388,1803866,1.480000,0.000498,1983,-7.649395,3734.950000,16771.800000,3.706283,1517.638287
86,1803866,1813776,1814314,0.540000,0.000474,3566,-7.300441,3746.340000,16885.100000,0.000021,1775.678204
87,1814314,1824660,1825147,0.490000,0.000440,6134,-6.783337,3757.220000,16993.800000,0.001848,1904.682548
88,1825147,1835723,1836176,0.450000,0.000611,1083,-9.736615,3768.290000,17104.800000,1.911798,1559.638277
89,1836176,1846201,1846845,0.650000,0.000482,3483,-7.595278,3778.760000,17209.500000,0.526179,1812.127308
90,1846845,1856871,1857838,0.970000,0.000552,1807,-8.852296,3789.430000,17315.800000,0.451075,1556.018185
91,1857838,1867824,1868333,0.510000,0.000467,3937,-7.445508,3800.390000,17424.600000,1.059270,1656.777382
92,1868333,1878230,1878773,0.550000,0.000486,3186,-7.810896,3810.790000,17528.500000,1.161509,1316.014920
93,1878773,1888190,1888810,0.620000,0.000470,3418,-7.582918,3820.750000,17627.900000,4.785623,1442.593789
94,1888810,1898650,1899150,0.500000,0.000518,1813,-8.486025,3831.210000,17732.200000,1.241262,1690.537901
95,1909932,1920000,1920608,0.610000,0.000576,1369,-9.633472,3852.560000,17945.400000,4.407774,1391.315438
96,1920608,1929922,1930578,0.660000,0.000468,3349,-7.750728,3862.480000,18045.200000,4.732635,1678.996818
97,1930578,1940748,1941269,0.520000,0.000543,1889,-9.141923,3873.310000,18152.700000,0.113904,1872.137939
98,1941269,1951317,1951943,0.630000,0.000469,4200,-7.872265,3883.880000,18258.300000,3.781723,1924.645783
99,1951943,1962314,1962843,0.530000,0.000582,1328,-9.970956,3894.880000,18368.200000,0.240042,1735.362290
100,1962843,1972761,1973382,0.620000,0.000559,1618,-9.626030,3905.320000,18472.700000,4.433047,1895.338669
101,1973382,1983767,1984247,0.480000,0.000454,5836,-7.741776,3916.330000,18581.700000,-0.002671,1879.148105
102,1984247,1994404,1995025,0.620000,0.000457,5809,-7.845155,3926.970000,18688.000000,0.002591,2212.777261
103,1995025,2005448,2006030,0.580000,0.000486,4219,-8.424703,3938.010000,18798.600000,1.333562,1869.135559
104,2006030,2016379,2016756,0.380000,0.000562,1634,-9.915457,3948.940000,18907.600000,4.998905,1947.552704
105,2016756,2027125,2027664,0.540000,0.000528,2577,-9.328039,3959.690000,19015.000000,0.000879,1592.840870
106,2027664,2037462,2037844,0.390000,0.000555,1553,-9.908378,3970.020000,19118.200000,1.072747,1602.341090
107,2037844,2047657,2048320,0.660000,0.000463,4956,-8.201831,3980.220000,19219.400000,4.425564,1529.721519
108,2048320,2057913,2058360,0.440000,0.000465,4149,-8.283558,3990.480000,19322.300000,3.536757,1903.791320
109,2058360,2068829,2069441,0.610000,0.000583,1626,-10.620000,4001.390000,19431.200000,5.361678,2061.129110
110,2069441,2080173,2080687,0.510000,0.000606,1238,-11.137107,4012.740000,19544.000000,-0.002860,2349.953198
111,2080687,2091464,2092038,0.570000,0.000600,1404,-11.071028,4024.030000,19656.800000,4.886057,1980.372297
112,2092038,2102436,2102875,0.440000,0.000585,1429,-10.847918,4035.000000,19766.400000,5.004830,2176.752799
113,2102875,2113738,2114226,0.490000,0.000579,1845,-10.796914,4046.300000,19879.600000,3.583115,2251.163290
114,2114226,2125071,2125442,0.370000,0.000448,6821,-8.263907,4057.630000,19992.200000,-0.001940,2117.616625
115,2125442,2135712,2136307,0.600000,0.000546,2175,-10.257042,4068.270000,20099.000000,4.732392,1883.310791
116,2136307,2146230,2146791,0.560000,0.000502,3141,-9.432182,4078.790000,20203.800000,4.473311,2117.358462
117,2146791,2157472,2157964,0.500000,0.000458,6288,-8.606849,4090.030000,20315.700000,-0.001224,2047.224698
118,2157964,2168296,2168699,0.400000,0.000597,1232,-11.482078,4100.860000,20424.200000,1.483459,2139.562540
119,2168699,2179467,2179934,0.470000,0.000617,1244,-11.964379,4112.030000,20535.600000,4.891758,2080.297928
120,2179934,2189555,2191233,1.680000,0.000562,2250,-10.887018,4122.120000,20635.500000,4.427816,1875.078913
121,2191233,2201688,2202092,0.400000,0.000586,1400,-11.441646,4134.250000,20757.600000,0.005853,2102.358425
122,2202092,2212798,2213270,0.470000,0.000600,1513,-11.810295,4145.360000,20868.300000,2.943083,2502.340473
123,2213270,2224680,2225127,0.450000,0.000472,5961,-9.207207,4157.240000,20987.200000,0.007102,2343.625969
124,2225127,2236228,2236720,0.490000,0.000466,6196,-9.129548,4168.790000,21102.200000,0.005754,1924.618920
125,2236720,2246889,2247420,0.530000,0.000446,6295,-8.748845,4179.450000,21208.800000,0.009200,2042.373201
126,2247420,2258121,2258639,0.520000,0.000651,804,-13.157794,4190.680000,21320.300000,3.904850,1810.207718
127,2258639,2268667,2269205,0.540000,0.000508,2805,-10.177499,4201.230000,21426.100000,1.373511,1770.351450
128,2269205,2279322,2279841,0.520000,0.000567,1749,-11.491547,4211.880000,21532.000000,6.457464,1927.944740
129,2279841,2290434,2290868,0.430000,0.000610,1145,-12.493259,4223.000000,21643.200000,2.944226,1603.605358
130,2290868,2300457,2300872,0.410000,0.000564,1327,-11.545772,4233.020000,21743.000000,2.909943,1883.677613
131,2300872,2311439,2311879,0.440000,0.000500,3538,-10.230854,4244.000000,21852.600000,3.237698,1954.438817
132,2311879,2322350,2322725,0.380000,0.000460,5527,-9.399579,4254.910000,21961.500000,1.906546,1905.251238
133,2322725,2333247,2333727,0.480000,0.000590,1466,-12.315009,4265.810000,22070.300000,4.831842,1842.957557
134,2333727,2344079,2344768,0.690000,0.000486,4242,-10.065995,4276.640000,22178.900000,0.010184,2075.498082
135,2344768,2355681,2356214,0.540000,0.000610,1350,-12.878273,4288.240000,22294.500000,1.868380,1916.126562
136,2626575,2680743,2681018,0.270000,0.000015,51,0.326531,4613.310000,22702.300000,0.001134,1261.270058
137,2681018,2690211,2690896,0.690000,0.000560,1966,-12.052735,4622.770000,22797.100000,11.913933,1920.813113
138,2690896,2700449,2700997,0.550000,0.000473,5553,-10.126394,4633.010000,22899.600000,5.452559,1985.581438
139,2700997,2711326,2711717,0.390000,0.000484,5410,-10.428878,4643.890000,23007.500000,0.011730,2143.568186
140,2711717,2721792,2722444,0.660000,0.000485,5512,-10.521950,4654.350000,23112.100000,1.960076,2326.582039
141,2722444,2732680,2733164,0.490000,0.000490,4785,-10.677148,4665.240000,23220.800000,2.417723,2053.457884
142,2733164,2743382,2743922,0.540000,0.000486,5044,-10.647858,4675.940000,23327.500000,13.975292,2216.275682
143,2743922,2754196,2754707,0.510000,0.000493,4547,-10.846526,4686.760000,23435.700000,5.978348,2295.155342
144,2754707,2765190,2765647,0.460000,0.000479,5477,-10.586725,4697.750000,23545.300000,-2.972819,2241.344279
145,2765647,2775997,2776432,0.430000,0.000486,5001,-10.803413,4708.560000,23653.400000,-4.125179,2461.425881
146,2776432,2787449,2787892,0.440000,0.000475,6257,-10.597348,4720.010000,23767.900000,0.013946,2645.115055
147,2787892,2799183,2799512,0.320000,0.000477,6590,-10.684152,4731.750000,23884.600000,3.358818,2430.203683
148,2799512,2809909,2810275,0.370000,0.000485,4954,-10.929763,4742.470000,23991.700000,5.793491,2178.867008
149,2810275,2820680,2821094,0.420000,0.000453,6891,-10.216841,4753.240000,24098.800000,8.378789,2217.613866
150,2821094,2831993,2832571,0.570000,0.000471,6592,-10.694197,4764.560000,24211.800000,4.626323,1873.248633
151,2832571,2842673,2843039,0.360000,0.000527,2760,-12.101925,4775.240000,24318.600000,5.298810,1650.241961
152,2843039,2852857,2853340,0.480000,0.000472,5070,-10.821613,4785.420000,24420.700000,5.147696,1684.083483
153,2853340,2863394,2863907,0.510000,0.000444,6964,-10.203355,4795.960000,24525.700000,4.920048,2037.697692
154,2863907,2874007,2874654,0.650000,0.000458,6459,-10.594647,4806.570000,24632.000000,4.791664,1688.228777
155,2874654,2884270,2884798,0.530000,0.000470,4796,-10.926048,4816.830000,24734.400000,4.185697,1439.505063
156,2884798,2894652,2894974,0.330000,0.000470,5308,-10.972929,4827.210000,24837.500000,5.970811,1835.739628
157,2894974,2905384,2905793,0.410000,0.000508,3931,-11.972392,4837.950000,24944.600000,4.690636,1560.008333
158,2905793,2914913,2915503,0.590000,0.000475,4141,-11.207624,4847.480000,25040.300000,4.883530,1631.938407
159,2915503,2926008,2926462,0.450000,0.000484,5262,-11.471702,4858.570000,25150.500000,3.504679,1711.159905
160,2926462,2936473,2936948,0.470000,0.000460,5891,-10.929913,4869.040000,25255.000000,5.590400,2175.307563
161,2936948,2947448,2947900,0.450000,0.000466,6495,-11.121864,4880.010000,25364.600000,5.070230,1685.535812
162,2947900,2957821,2958330,0.510000,0.000471,5379,-11.303614,4890.380000,25468.600000,4.014882,1944.477636
163,2958330,2968940,2969292,0.350000,0.000478,5531,-11.517480,4901.500000,25579.300000,11.265419,1697.257457
164,2969292,2979305,2979896,0.590000,0.000506,3900,-12.302770,4911.870000,25682.800000,7.555800,1671.083909
165,2979896,2989682,2990206,0.530000,0.000465,5735,-11.293921,4922.240000,25786.600000,6.401810,1750.397706
166,2990206,3000092,3000574,0.490000,0.000595,1441,-14.695326,4932.650000,25890.200000,9.182405,1827.746301
167,3000574,3011117,3011603,0.490000,0.000636,1293,-15.807359,4943.680000,26000.700000,6.260757,1982.587308
168,3011603,3018483,3022699,4.210000,0.000474,6335,-11.663849,4951.050000,26073.700000,3.836095,1698.834193
169,3022699,3032754,3033172,0.410000,0.000479,4742,-11.860474,4965.320000,26216.500000,0.033026,2024.914559
170,3033172,3043844,3044276,0.430000,0.000493,5232,-12.274545,4976.410000,26327.000000,0.019814,1822.463791
171,3044276,3054257,3054816,0.560000,0.000566,1994,-14.245139,4986.820000,26430.700000,5.325250,2106.125373
172,3054816,3065726,3066232,0.500000,0.000485,5997,-12.171115,4998.290000,26545.700000,0.008908,2004.974061
173,3066232,3076635,3076939,0.300000,0.000615,1411,-15.677013,5009.200000,26654.500000,10.933779,1625.774466
174,3076939,3087194,3087885,0.690000,0.000624,1317,-15.983632,5019.760000,26760.000000,0.017740,1682.358141
175,3087885,3098057,3098510,0.450000,0.000468,5577,-11.884361,5030.620000,26868.200000,4.543644,1497.096979
176,3098510,3108107,3108544,0.440000,0.000521,2686,-13.343166,5040.670000,26968.600000,0.785052,1926.211262
177,3108544,3119067,3119629,0.560000,0.000477,5896,-12.220494,5051.630000,27077.700000,2.960397,1715.984955
178,3119629,3129633,3130026,0.390000,0.000500,4044,-12.877264,5062.200000,27183.500000,0.972070,2128.658374
179,3130026,3140432,3141113,0.690000,0.000630,1426,-16.490437,5072.990000,27291.200000,11.692100,1592.760981
180,3141113,3150698,3151326,0.630000,0.000485,4747,-12.574423,5083.260000,27394.000000,1.346629,1389.378540
181,3151326,3160665,3161180,0.510000,0.000571,1512,-14.982331,5093.230000,27493.500000,1.540475,1508.503899
182,3161180,3170904,3171494,0.590000,0.000471,5610,-12.311133,5103.470000,27595.500000,4.052576,1240.179900
183,3171494,3180801,3181195,0.400000,0.000471,5262,-12.335917,5113.360000,27694.300000,2.341467,1649.880469
184,3181195,3191193,3191485,0.290000,0.000503,4261,-13.291602,5123.760000,27798.100000,3.925134,1458.887386
185,3191485,3200670,3200979,0.310000,0.000498,3803,-13.197092,5133.230000,27892.700000,8.744859,1794.783906
186,3200979,3210898,3211301,0.400000,0.000597,1409,-16.015983,5143.460000,27994.300000,2.325062,1722.027822
187,3211301,3221477,3221911,0.430000,0.000539,3004,-14.429649,5154.040000,28099.900000,0.212973,1958.341870
188,3221911,3232123,3232655,0.530000,0.000630,1430,-17.070255,5164.690000,28206.500000,3.501095,1648.038393
189,3232655,3242284,3242656,0.370000,0.000471,5606,-12.628771,5174.850000,28307.600000,1.866575,1861.842934
190,3242656,3252683,3253138,0.450000,0.000601,1790,-16.368711,5185.250000,28412.300000,4.991647,1999.533261
191,3253138,3263732,3264069,0.340000,0.000597,1811,-16.312256,5196.290000,28522.400000,5.634885,1686.016196
192,3264069,3274311,3274736,0.430000,0.000503,4415,-13.694478,5206.870000,28627.600000,0.172777,1586.045333
193,3274736,3284437,3284905,0.470000,0.000529,2918,-14.489053,5217.000000,28728.400000,5.100176,1701.325251
194,3284905,3294820,3295299,0.480000,0.000599,1537,-16.546783,5227.380000,28832.500000,5.813741,1787.193885
195,3295299,3305456,3305927,0.470000,0.000623,1142,-17.326907,5238.020000,28938.700000,2.865811,1717.517433
196,3305927,3315458,3315995,0.540000,0.000537,2698,-14.877405,5248.020000,29038.300000,6.826277,1864.404852
197,3315995,3325855,3326360,0.500000,0.000552,2326,-15.380408,5258.420000,29141.900000,2.704861,1604.183424
198,3326360,3335385,3335978,0.590000,0.000473,5635,-13.123703,5267.950000,29237.200000,1.440284,1542.938743
199,3335978,3345351,3345760,0.410000,0.000530,2659,-14.861691,5277.910000,29336.600000,1.859474,1769.894758
200,3345760,3355454,3355828,0.370000,0.000508,3585,-14.263662,5288.020000,29437.500000,2.732896,2000.251561
201,3355828,3366449,3366924,0.480000,0.000642,1443,-18.254733,5299.010000,29547.200000,0.002410,1876.830872
202,3366924,3376714,3377402,0.680000,0.000554,2254,-15.732902,5309.280000,29650.100000,0.012878,1955.551424
203,3377402,3387899,3388319,0.420000,0.000477,6043,-13.489817,5320.460000,29761.800000,3.945935,1596.475084
204,3388319,3398181,3398503,0.330000,0.000461,6569,-13.054817,5330.740000,29864.300000,12.168606,1993.379461
205,3398503,3408470,3408897,0.430000,0.000578,1825,-16.611571,5341.030000,29966.800000,4.105125,1808.244752
206,3408897,3418901,3419348,0.450000,0.000606,1481,-17.507735,5351.460000,30070.800000,1.254261,1608.008701
207,3419348,3428989,3429366,0.380000,0.000477,5635,-13.690579,5361.550000,30171.800000,5.800661,1783.600119
208,3429366,3439155,3439500,0.340000,0.000492,4812,-14.196477,5371.720000,30273.000000,5.518586,1796.438101
209,3439500,3449647,3450131,0.480000,0.000484,5968,-14.011292,5382.210000,30378.300000,4.379734,1730.212976
210,3450131,3459625,3460233,0.610000,0.000582,1317,-17.040156,5392.190000,30477.600000,3.597418,1819.100079
211,3460233,3470433,3470816,0.380000,0.000493,4813,-14.378492,5403.000000,30585.200000,0.012938,1465.743509
212,3470816,3480316,3480725,0.410000,0.000472,5435,-13.776849,5412.880000,30683.800000,4.540245,1912.883199
213,3480725,3491083,3491619,0.530000,0.000494,5433,-14.506301,5423.650000,30791.600000,5.026086,1274.727685
214,3491619,3500696,3501038,0.340000,0.000475,4492,-13.965730,5433.260000,30887.000000,11.765207,1851.706752
215,3501038,3511484,3511953,0.470000,0.000491,5326,-14.515771,5444.050000,30995.000000,0.705707,1601.967767
216,3511953,3521656,3522166,0.510000,0.000477,5492,-14.134416,5454.220000,31097.200000,5.155111,1727.326274
217,3522166,3532185,3532516,0.330000,0.000624,1280,-18.762780,5464.750000,31201.800000,8.148920,1449.859049
218,3532516,3541686,3542087,0.400000,0.000473,4936,-14.096300,5474.250000,31296.700000,2.309549,1639.499254
219,3542087,3551913,3552306,0.390000,0.000497,4864,-14.892421,5484.480000,31398.800000,2.453689,1730.598892
220,3562647,3572358,3572775,0.420000,0.000445,8331,-13.379009,5504.920000,31602.900000,1.352302,1680.496535
221,3572775,3582667,3583347,0.680000,0.000477,6566,-14.417921,5515.230000,31705.900000,4.386613,1233.676160
222,3583347,3592317,3592670,0.350000,0.000476,4709,-14.450217,5524.880000,31802.100000,12.211550,1279.018943
223,3592670,3601769,3602229,0.460000,0.000465,5781,-14.120226,5534.330000,31896.700000,4.468215,2118.078237
224,3602229,3612798,3613237,0.440000,0.000471,7509,-14.363704,5545.360000,32006.300000,0.009764,1603.470035
225,3613237,3622668,3623219,0.550000,0.000565,2150,-17.432839,5555.230000,32105.300000,0.015717,1847.468252
226,3623219,3633271,3633760,0.490000,0.000484,5917,-14.890252,5565.830000,32210.600000,10.995701,1523.210951
227,3633760,3643251,3643591,0.340000,0.000480,5250,-14.806381,5575.810000,32310.300000,6.099298,1633.430556
228,3643591,3653122,3653507,0.390000,0.000483,5411,-14.957893,5585.680000,32409.200000,3.636071,1451.410089
229,3653507,3662670,3663116,0.450000,0.000483,4951,-15.015626,5595.230000,32504.700000,0.988870,1864.099423
230,3663116,3673069,3673449,0.380000,0.000476,6193,-14.820101,5605.630000,32608.200000,5.437024,1865.272243
231,3673449,3683626,3684036,0.410000,0.000500,5215,-15.651921,5616.190000,32713.900000,-0.002769,1766.430454
232,3684036,3693667,3693981,0.310000,0.000564,2293,-17.810493,5626.230000,32814.300000,11.034708,1809.584644
233,3693981,3703669,3704259,0.590000,0.000630,1464,-20.031353,5636.230000,32913.900000,4.956581,1621.533912
234,3704259,3713931,3714391,0.460000,0.000489,5526,-15.430227,5646.490000,33016.400000,4.130004,1688.046654
235,3714391,3724052,3724467,0.420000,0.000492,5679,-15.609965,5656.610000,33117.000000,3.117833,1670.643592
236,3724467,3733638,3734112,0.470000,0.000493,4704,-15.673845,5666.200000,33213.200000,7.609259,1613.631600
237,3734112,3743634,3744156,0.520000,0.000625,1338,-20.122776,5676.200000,33312.700000,0.011295,1781.677101
238,3744156,3754123,3754545,0.420000,0.000630,1296,-20.326171,5686.690000,33417.200000,1.664521,1728.494776
239,3754545,3764143,3764686,0.540000,0.000502,4716,-16.132125,5696.710000,33517.300000,5.560054,1715.653375
240,3764686,3774130,3774582,0.450000,0.000510,4162,-16.447463,5706.690000,33616.900000,2.463782,1807.428621
241,3774582,3785030,3785412,0.380000,0.000502,5717,-16.238296,5717.590000,33725.900000,0.018199,1340.907753
242,3785412,3794635,3795028,0.390000,0.000517,3989,-16.784691,5727.200000,33821.800000,0.889680,1235.314972
243,3795028,3804712,3805273,0.570000,0.000513,4615,-16.704023,5737.270000,33922.500000,0.515992,1373.038000
244,3805273,3814766,3815421,0.650000,0.000483,6198,-15.724852,5747.330000,34022.800000,3.109699,1344.628420
245,3815421,3825009,3825513,0.510000,0.000541,2884,-17.751062,5757.570000,34124.900000,1.359419,1222.433989
246,3825513,3835244,3835704,0.460000,0.000603,1565,-19.938571,5767.810000,34227.000000,5.039036,1533.625885
247,3835704,3845442,3845964,0.530000,0.000572,2543,-18.923449,5778.000000,34328.300000,5.084311,1342.691655
248,3845964,3855067,3855483,0.420000,0.000483,5482,-15.929442,5787.630000,34424.800000,0.438893,1188.359843
249,3855483,3864751,3865327,0.580000,0.000519,4176,-17.228259,5797.310000,34521.700000,0.257396,1476.516829
250,3865327,3874953,3875362,0.400000,0.000559,3063,-18.656253,5807.520000,34623.500000,4.771451,1492.153625
251,3875362,3884966,3885388,0.420000,0.000491,6093,-16.333435,5817.530000,34723.300000,4.739656,1579.778810
252,3885388,3895169,3895572,0.400000,0.000597,2059,-20.092152,5827.730000,34825.100000,0.633105,1691.369785
253,3895572,3906039,3906497,0.460000,0.000497,6717,-16.662429,5838.600000,34933.700000,2.060778,1600.208451
254,3906497,3916633,3916944,0.310000,0.000597,1950,-20.192114,5849.200000,35039.700000,8.132526,1579.185191
255,3916944,3926653,3926896,0.240000,0.000534,3528,-18.062030,5859.220000,35139.600000,2.443057,1295.544034
256,3926896,3936347,3936729,0.380000,0.000483,5982,-16.303018,5868.910000,35235.900000,4.531026,1422.421465
257,3936729,3946134,3946513,0.380000,0.000595,1728,-20.313010,5878.700000,35334.000000,3.323269,1369.529180
258,3946513,3955371,3955791,0.420000,0.000492,4951,-16.742290,5887.930000,35426.000000,5.528480,1165.682130
259,3955791,3964960,3965323,0.370000,0.000500,4866,-17.072636,5897.520000,35521.700000,4.724307,1471.563921
260,3965323,3974866,3975267,0.400000,0.000544,3311,-18.659471,5907.430000,35620.900000,0.776315,1257.868894
261,3975267,3984153,3984547,0.390000,0.000544,2780,-18.737765,5916.720000,35713.500000,4.992211,1591.154294
262,3984547,3994663,3994985,0.320000,0.000506,5725,-17.412654,5927.230000,35818.800000,5.290667,1454.106811
263,3994985,4004683,4005153,0.470000,0.000511,5266,-17.641997,5937.250000,35918.500000,4.495628,1413.216664
264,4005153,4014662,4015004,0.350000,0.000532,3562,-18.446048,5947.220000,36017.700000,8.820639,1406.118203
265,4015004,4024607,4024926,0.320000,0.000511,4475,-17.742610,5957.170000,36117.600000,8.385947,1159.564638
266,4024926,4034178,4034497,0.320000,0.000487,5555,-16.941587,5966.740000,36213.000000,2.322624,1837.022309
267,4034497,4044661,4045110,0.450000,0.000504,5904,-17.591992,5977.220000,36317.700000,4.802443,2096.693788
268,4045110,4051182,4055834,4.660000,0.000505,6067,-17.679905,5983.740000,36381.800000,2.961654,1714.109496
269,4055834,4253262,4261503,8.250000,0.000618,1392,-21.866501,6185.820000,36551.200000,nan,2822.753343
270,4261503,4271318,4271608,0.290000,0.000505,5893,-17.845805,6203.880000,36730.900000,0.354087,2818.032329
271,4271608,4281760,4282113,0.360000,0.000515,6373,-18.257303,6214.320000,36836.300000,1.114209,3382.268266
272,4282113,4292245,4292563,0.320000,0.000523,6232,-18.610154,6224.810000,36940.700000,0.210258,3111.123348
273,4292563,4302742,4303076,0.340000,0.000542,5286,-19.374531,6235.300000,37044.800000,0.019818,3099.365529
274,4303076,4313416,4313839,0.420000,0.000531,6170,-19.040672,6245.980000,37151.500000,1.467510,2392.255979
275,4313839,4323094,4323444,0.350000,0.000560,3592,-20.142902,6255.660000,37248.400000,2.450082,2822.008535
276,4323444,4333300,4333805,0.510000,0.000597,2647,-21.602933,6265.860000,37350.200000,0.005524,2425.200044
277,4333805,4343700,4343959,0.260000,0.000535,4872,-19.350762,6276.260000,37454.000000,4.222582,2602.559965
278,4343959,4353818,4354606,0.790000,0.000590,2858,-21.440962,6286.380000,37555.400000,1.537620,2411.868237
279,4354606,4364702,4365023,0.330000,0.000548,4262,-19.920916,6297.260000,37663.500000,3.949330,2935.254859
280,4365023,4375709,4376082,0.370000,0.000542,5352,-19.752181,6308.270000,37773.300000,-0.008526,2581.852890
281,4376082,4386022,4386444,0.430000,0.000525,5762,-19.187317,6318.580000,37876.600000,0.710155,2094.562349
282,4386444,4395727,4396069,0.340000,0.000534,3548,-19.585241,6328.290000,37973.500000,3.830848,2099.735317
283,4396069,4405321,4405652,0.330000,0.000556,3010,-20.476636,6337.880000,38069.200000,4.138554,2303.571585
284,4405652,4415657,4416120,0.460000,0.000545,4144,-20.108041,6348.220000,38172.500000,3.180715,1660.216676
285,4416120,4424640,4425170,0.530000,0.000513,4222,-18.932213,6357.200000,38262.400000,0.493447,2577.700677
286,4425170,4434946,4435503,0.560000,0.000514,6011,-19.018876,6367.510000,38364.700000,0.008056,2030.606372
287,4435503,4444879,4445189,0.310000,0.000514,4406,-19.080530,6377.440000,38463.800000,5.189999,2068.461589
288,4445189,4454710,4455166,0.460000,0.000613,2049,-22.941308,6387.270000,38562.600000,0.877724,2206.873731
289,4455166,4464924,4465271,0.340000,0.000513,5301,-19.138585,6397.490000,38664.300000,5.170127,2782.296312
290,4465271,4475706,4475947,0.240000,0.000556,4190,-20.840578,6408.270000,38772.000000,0.002412,2575.381655
291,4475947,4485990,4486290,0.300000,0.000529,4863,-19.860207,6418.550000,38874.400000,5.006462,2963.680245
292,4486290,4496746,4497215,0.470000,0.000515,6153,-19.361226,6429.310000,38981.900000,0.001503,1922.847413
293,4497215,4505770,4506195,0.430000,0.000549,2860,-20.753309,6438.330000,39072.200000,0.854577,2718.723432
294,4506195,4516687,4517298,0.610000,0.000522,6070,-19.748408,6449.250000,39181.000000,0.540088,2288.629085
295,4517298,4526839,4527131,0.290000,0.000523,5126,-19.857119,6459.400000,39282.500000,3.026428,2006.546569
296,4527131,4536615,4537066,0.450000,0.000507,6320,-19.258389,6469.180000,39380.200000,1.667362,2002.838060
297,4537066,4546334,4546911,0.570000,0.000527,5089,-20.122393,6478.900000,39477.000000,0.003384,2283.079673
298,4546911,4556394,4556782,0.380000,0.000528,4826,-20.184347,6488.960000,39577.200000,3.431454,2358.541639
299,4556782,4566391,4566870,0.480000,0.000499,6585,-19.100938,6498.950000,39677.300000,-0.009982,2298.218767
300,4566870,4576750,4577199,0.450000,0.000607,2062,-23.445423,6509.310000,39780.700000,4.190957,2185.228887
301,4577199,4586972,4587355,0.390000,0.000611,2038,-23.649964,6519.530000,39882.200000,3.201002,2378.393342
302,4587355,4597082,4597503,0.430000,0.000505,5989,-19.497847,6529.640000,39983.400000,2.999740,2110.797991
303,4597503,4606995,4607517,0.520000,0.000509,5927,-19.707680,6539.560000,40082.500000,4.213824,2552.943347
304,4607517,4617232,4617682,0.450000,0.000527,4929,-20.466335,6549.790000,40184.500000,5.036816,1676.538344
305,4617682,4626688,4627294,0.610000,0.000498,5709,-19.362863,6559.250000,40279.400000,0.205434,2606.254069
306,4627294,4637455,4637915,0.460000,0.000523,5682,-20.418284,6570.020000,40386.100000,2.733199,2157.358672
307,4637915,4647036,4647491,0.450000,0.000545,3538,-21.347510,6579.600000,40482.200000,1.944549,1865.611542
308,4647491,4656397,4656820,0.420000,0.000505,5376,-19.772372,6588.960000,40575.500000,1.977572,2613.384430
309,4656820,4666849,4667284,0.440000,0.000526,5581,-20.696220,6599.410000,40679.800000,0.004726,2499.327727
310,4667284,4677449,4678071,0.620000,0.000562,4081,-22.204958,6610.010000,40785.800000,4.380955,2135.366137
311,4678071,4687625,4687960,0.330000,0.000504,5756,-19.904317,6620.190000,40887.500000,1.526854,1871.426580
312,4687960,4697083,4697519,0.430000,0.000542,3732,-21.500662,6629.650000,40981.400000,1.093767,2328.437015
313,4697519,4707029,4707516,0.490000,0.000528,4904,-20.988793,6639.590000,41080.800000,0.249467,2425.853028
314,4707516,4717744,4718170,0.420000,0.000536,4935,-21.388441,6650.310000,41188.100000,4.184152,2164.737142
315,4718170,4727699,4728013,0.320000,0.000531,4166,-21.218138,6660.260000,41287.700000,2.844146,2479.644328
316,4728013,4738081,4738496,0.420000,0.000518,6289,-20.750124,6670.640000,41390.800000,0.000234,2253.752543
317,4738496,4747714,4748249,0.530000,0.000508,5625,-20.392330,6680.280000,41487.500000,3.274484,2310.650033
318,4748249,4757647,4758089,0.440000,0.000527,5049,-21.222549,6690.210000,41586.500000,-0.000553,2019.990799
319,4758089,4767453,4767795,0.340000,0.000522,4596,-21.067709,6700.020000,41684.500000,4.011461,2264.602782
320,4767795,4776641,4777081,0.440000,0.000601,2533,-24.384236,6709.200000,41776.200000,4.458901,1817.401972
321,4777081,4786459,4786814,0.360000,0.000526,4368,-21.341793,6719.020000,41873.800000,0.003896,2773.846188
322,4786814,4797767,4798099,0.330000,0.000525,7015,-21.324850,6730.330000,41987.000000,0.009744,2563.404515
323,4798099,4808445,4809021,0.570000,0.000513,7187,-20.894052,6741.010000,42093.200000,0.001691,2329.448509
324,4809021,4818198,4818673,0.480000,0.000606,1950,-24.858529,6750.760000,42190.500000,3.059576,2145.188327
325,4818673,4828251,4828793,0.550000,0.000524,5468,-21.476367,6760.810000,42291.200000,3.439131,2201.182456
326,4828793,4838017,4838663,0.650000,0.000550,3864,-22.620734,6770.580000,42388.700000,4.083409,1924.633702
327,4838663,4847690,4848378,0.690000,0.000536,4610,-22.058979,6780.250000,42485.400000,0.000310,2057.383353
328,4848378,4857648,4858169,0.520000,0.000510,5797,-21.037356,6790.210000,42585.000000,0.002949,2442.624440
329,4858169,4867644,4868049,0.400000,0.000566,3260,-23.458971,6800.210000,42684.700000,3.264302,2063.269458
330,4868049,4877350,4877859,0.510000,0.000538,4314,-22.317433,6809.910000,42781.100000,5.002765,2217.072454
331,4877859,4887179,4887493,0.320000,0.000560,3331,-23.313587,6819.740000,42879.400000,0.976257,2515.596628
332,4887493,4898051,4898505,0.460000,0.000539,5754,-22.457491,6830.610000,42987.700000,1.920624,2405.635110
333,4898505,4908106,4908506,0.400000,0.000526,5149,-21.948860,6840.670000,43088.000000,5.189190,2287.942270
334,4908506,4917901,4918274,0.380000,0.000540,4366,-22.604597,6850.460000,43186.100000,1.274585,2240.402259
335,4918274,4928307,4928664,0.360000,0.000518,5934,-21.703500,6860.870000,43289.600000,0.004330,2008.555265
336,4928664,4937968,4938328,0.360000,0.000510,5595,-21.419801,6870.530000,43386.400000,5.582595,1653.403341
337,4938328,4947336,4947733,0.400000,0.000506,5578,-21.321383,6879.900000,43479.800000,-0.004704,2357.398959
338,4947733,4957190,4957541,0.350000,0.000516,5705,-21.805402,6889.750000,43578.200000,-0.000204,2384.451291
339,4957541,4967622,4968165,0.550000,0.000546,4768,-23.130115,6900.180000,43682.700000,4.781033,2144.717749
340,4968165,4977667,4978124,0.460000,0.000503,6291,-21.331934,6910.230000,43782.600000,0.211772,1893.017977
341,4978124,4987103,4987509,0.400000,0.000521,4883,-22.140650,6919.670000,43876.500000,0.008482,2305.222749
342,4987509,4997266,4997804,0.540000,0.000507,6343,-21.611622,6929.830000,43978.200000,3.544072,2135.729895
343,4997804,5007898,5008508,0.610000,0.000516,6265,-22.051198,6940.460000,44084.600000,1.712847,2323.665799
344,5008508,5018294,5018619,0.320000,0.000528,5190,-22.614826,6950.860000,44187.900000,3.483660,2657.093018
345,5018619,5028423,5028917,0.490000,0.000535,4844,-23.005716,6960.990000,44288.800000,3.838493,2067.231506
346,5028917,5038422,5038881,0.460000,0.000505,6260,-21.729511,6970.980000,44388.800000,-0.011372,2528.551635
347,5038881,5049021,5049360,0.340000,0.000511,6360,-22.036781,6981.580000,44494.700000,3.553932,2112.037069
348,5049360,5058686,5059123,0.440000,0.000518,5524,-22.401139,6991.250000,44591.300000,4.313994,2327.765373
349,5059123,5068338,5068794,0.460000,0.000526,5228,-22.792676,7000.900000,44687.300000,4.340971,2051.731107
350,5068794,5078088,5078502,0.410000,0.000518,5120,-22.515864,7010.650000,44784.700000,0.955233,2222.011464
351,5078502,5088453,5089034,0.580000,0.000529,5953,-23.036553,7021.020000,44888.200000,4.896032,2017.869249
352,5089034,5098418,5098884,0.470000,0.000513,5732,-22.377263,7030.980000,44987.800000,0.000400,2730.047881
353,5098884,5109206,5109585,0.380000,0.000512,6866,-22.401476,7041.770000,45095.500000,-0.001385,2005.758840
354,5109585,5118938,5119248,0.310000,0.000515,5260,-22.557489,7051.500000,45192.700000,5.618514,2256.595165
355,5119248,5129170,5129599,0.430000,0.000530,5578,-23.289947,7061.730000,45294.400000,0.941079,2303.213735
356,5129599,5139381,5139814,0.440000,0.000544,4743,-23.994179,7071.940000,45396.300000,0.009701,1979.912242
357,5139814,5149063,5149516,0.450000,0.000503,6163,-22.163515,7081.630000,45493.100000,0.391265,2265.358689
358,5149516,5159277,5159678,0.400000,0.000516,5946,-22.826168,7091.840000,45595.400000,5.160174,2086.121518
359,5159678,5169117,5169605,0.490000,0.000523,5736,-23.177659,7101.680000,45693.700000,5.050079,2143.862827
360,5169605,5179081,5179504,0.430000,0.000513,6079,-22.774566,7111.640000,45792.600000,5.127862,2596.768525
361,5179504,5189645,5190151,0.500000,0.000516,6766,-22.998064,7122.210000,45898.500000,2.773794,2104.928964
362,5190151,5199233,5199696,0.460000,0.000514,5744,-22.951357,7131.800000,45993.900000,4.254002,2233.686842
363,5199696,5209102,5209498,0.400000,0.000521,5587,-23.300561,7141.660000,46092.400000,4.595319,2152.987059
364,5209498,5219004,5219520,0.510000,0.000508,6484,-22.758219,7151.570000,46191.300000,1.775314,2405.447409
365,5219520,5229209,5229524,0.320000,0.000520,5942,-23.375988,7161.770000,46293.100000,3.079194,2339.332748
366,5229524,5238623,5239301,0.670000,0.000506,6546,-22.780474,7171.190000,46387.400000,0.177999,2107.441881
367,5239301,5249092,5249500,0.410000,0.000540,4884,-24.408171,7181.650000,46491.500000,0.526002,2188.308031
368,5249500,5259073,5259436,0.360000,0.000515,5713,-23.295819,7191.640000,46591.100000,6.169696,2036.052505
369,5259436,5268981,5269468,0.490000,0.000524,5682,-23.771112,7201.540000,46690.000000,5.091393,2311.192837
370,5269468,5279826,5280273,0.450000,0.000532,5988,-24.200930,7212.390000,46798.400000,3.729777,2166.741197
371,5280273,5289301,5289705,0.410000,0.000522,5499,-23.776074,7221.860000,46892.200000,1.506830,2226.284583
372,5289705,5298852,5299508,0.660000,0.000537,4654,-24.526206,7231.410000,46988.100000,4.674924,2164.734300
373,5299508,5308905,5309441,0.530000,0.000541,4669,-24.759211,7241.470000,47088.600000,0.851903,2050.945566
374,5309441,5318845,5319283,0.440000,0.000520,6006,-23.812659,7251.410000,47187.400000,0.137329,2188.851437
375,5319283,5328667,5329151,0.480000,0.000508,6396,-23.328576,7261.230000,47285.800000,2.542626,2260.756899
376,5329151,5338711,5339126,0.420000,0.000523,5897,-24.103484,7271.270000,47385.800000,5.611162,2125.500767
377,5339126,5348305,5348741,0.430000,0.000511,6293,-23.557683,7280.870000,47481.400000,4.568353,2243.320193
378,5348741,5357634,5358160,0.520000,0.000513,5898,-23.721504,7290.200000,47574.900000,0.704253,1763.789890
379,5358160,5367327,5367794,0.470000,0.000513,6295,-23.760411,7299.890000,47671.300000,1.362470,2401.827063
380,5367794,5377629,5378046,0.420000,0.000526,6170,-24.407259,7310.190000,47774.600000,0.007782,1789.585752
381,5378046,5386445,5386912,0.460000,0.000517,5234,-24.031488,7319.010000,47862.400000,0.168714,2363.692849
382,5386912,5396259,5396678,0.420000,0.000513,6260,-23.887974,7328.820000,47959.800000,2.016437,2016.431269
383,5396678,5405921,5406296,0.380000,0.000521,5699,-24.333872,7338.480000,48056.700000,4.549775,2246.809053
384,5406296,5415448,5415952,0.500000,0.000513,6082,-23.993047,7348.010000,48151.600000,3.680118,2474.332382
385,5415952,5425320,5425746,0.430000,0.000544,5077,-25.532071,7357.880000,48250.100000,-0.006564,2209.783653
386,5425746,5434652,5434982,0.330000,0.000509,5960,-23.908273,7367.210000,48343.700000,5.782443,2289.207597
387,5434982,5444944,5445425,0.480000,0.000531,6461,-25.009063,7377.510000,48446.100000,0.461436,2664.355712
388,5445425,5455121,5455525,0.410000,0.000527,6031,-24.876690,7387.680000,48547.800000,0.015166,2431.005928
389,5455525,5464637,5465143,0.510000,0.000510,6464,-24.128360,7397.200000,48642.900000,1.662505,2327.305263
390,5465143,5474687,5475057,0.370000,0.000532,5591,-25.252279,7407.250000,48743.100000,1.333067,2408.604456
391,5475057,5484638,5485023,0.390000,0.000536,5412,-25.476699,7417.200000,48842.500000,2.667395,2323.530184
392,5485023,5493721,5494340,0.620000,0.000523,5447,-24.872790,7426.280000,48933.200000,2.967202,2464.768218
393,5494340,5503989,5504385,0.400000,0.000540,5051,-25.771679,7436.550000,49035.400000,0.635173,1817.369227
394,5504385,5512638,5512998,0.360000,0.000513,5657,-24.495361,7445.200000,49121.600000,6.031112,2359.401098
395,5512998,5522686,5523082,0.390000,0.000539,5444,-25.805687,7455.250000,49222.100000,4.870489,2367.323510
396,5523082,5532655,5533100,0.440000,0.000542,5064,-26.034077,7465.220000,49321.900000,0.124800,1994.984656
397,5533100,5542102,5542507,0.410000,0.000529,5109,-25.439373,7474.660000,49415.800000,0.110432,2610.212486
398,5542507,5552168,5552597,0.430000,0.000534,5939,-25.716172,7484.730000,49515.900000,4.153899,1950.308807
399,5552597,5561626,5562196,0.570000,0.000513,6193,-24.754542,7494.190000,49611.000000,2.387692,2138.799212
400,5562196,5571005,5571408,0.400000,0.000515,6259,-24.914588,7503.570000,49704.000000,1.122307,2396.160106
401,5571408,5580744,5581385,0.640000,0.000544,5327,-26.377109,7513.310000,49801.700000,4.997177,2189.624973
402,5581385,5590757,5591222,0.460000,0.000517,6381,-25.109171,7523.320000,49901.800000,4.593338,2687.811313
403,5591222,5600839,5601312,0.470000,0.000530,6106,-25.793806,7533.400000,50002.400000,4.391239,1927.223395
404,5601312,5609985,5610493,0.510000,0.000519,5845,-25.286623,7542.550000,50093.300000,3.239703,2880.973776
405,5610493,5620458,5620949,0.490000,0.000531,6664,-25.966994,7553.020000,50197.700000,0.016305,2511.401795
406,5620949,5630084,5630506,0.420000,0.000532,5518,-26.041040,7562.650000,50294.000000,2.267341,2194.616732
407,5630506,5639632,5640076,0.450000,0.000521,5951,-25.543959,7572.190000,50389.800000,-0.035874,2033.876565
408,5640076,5648967,5649509,0.540000,0.000532,5343,-26.158296,7581.530000,50482.700000,1.159341,2405.982410
409,5649509,5658387,5658790,0.400000,0.000523,5931,-25.732920,7590.950000,50576.200000,5.441659,2370.898309
