Event,StartRow,FailRow,EndRow,SlipDuration,Stiffness,NptsStiffness,StiffnessIntercept,FailTime,FailDisplacement,50_Mean_Velocity,Peak_Velocity
0,1377020,1378458,1380778,2.320000,0.000189,1135,-1.718122,4610.840000,12786.300000,9.702473,10.962967
1,1380778,1382980,1385071,2.090000,0.000125,1527,-0.907620,4615.360000,12831.400000,9.037824,10.577184
2,1385071,1387884,1389947,2.070000,0.000086,2813,-0.421027,4620.260000,12880.300000,8.208830,10.830028
3,1389947,1392036,1394573,2.540000,0.000142,1895,-1.135758,4624.410000,12921.700000,9.138791,11.503172
4,1394573,1397361,1399898,2.540000,0.000124,2647,-0.921653,4629.740000,12974.900000,8.660026,11.169117
5,1399898,1401598,1404311,2.710000,0.000122,1691,-0.897942,4633.980000,13017.200000,9.386592,11.077682
6,1404311,1406535,1409013,2.480000,0.000108,2224,-0.722210,4638.910000,13066.400000,8.894406,11.476280
7,1409013,1411943,1414845,2.900000,0.000141,1910,-1.158019,4644.320000,13120.000000,8.281609,11.998614
8,1414845,1416403,1418772,2.370000,0.000255,1050,-2.663846,4648.780000,13164.500000,8.811978,11.912116
9,1418772,1421985,1423847,1.870000,0.000118,3213,-0.863257,4654.360000,13218.800000,8.535090,13.638414
10,1423847,1426466,1428424,1.960000,0.000209,2401,-2.084253,4658.840000,13263.200000,8.153164,12.189056
11,1428424,1431147,1433012,1.860000,0.000172,2667,-1.595539,4663.530000,13310.000000,8.769677,11.904300
12,1433012,1435661,1437455,1.790000,0.000161,2649,-1.463277,4668.040000,13353.900000,8.309524,12.434754
13,1437455,1440141,1442115,1.970000,0.000204,2613,-2.033555,4672.520000,13398.400000,8.097483,11.792469
14,1442115,1444341,1446701,2.360000,0.000177,2010,-1.692781,4676.720000,13440.400000,8.828660,11.009032
15,1446701,1448238,1451068,2.830000,0.000160,1380,-1.459423,4680.620000,13479.200000,8.785031,11.686373
16,1451068,1453272,1456996,3.720000,0.000088,2204,-0.494301,4685.650000,13529.500000,8.941048,11.849046
17,1456996,1459153,1461011,1.860000,0.000223,2157,-2.343588,4691.530000,13588.000000,7.541345,12.115836
18,1461011,1464268,1465861,1.590000,0.000133,3257,-1.125070,4696.650000,13638.300000,8.242771,12.937954
19,1465861,1468638,1470616,1.970000,0.000225,2329,-2.384440,4701.020000,13681.400000,8.010003,11.572281
20,1470616,1472904,1474841,1.940000,0.000205,2236,-2.116517,4705.280000,13723.800000,8.095340,11.587787
21,1474841,1477259,1479470,2.210000,0.000161,2418,-1.530812,4709.640000,13767.300000,8.495026,11.602503
22,1541693,1565735,1567681,1.950000,0.000024,53,0.335174,4798.110000,13947.400000,-0.000789,116.071463
23,1567681,1569010,1570785,1.770000,0.001771,65,-24.047213,4801.390000,13979.900000,8.793113,17.141075
24,1570785,1572888,1574683,1.790000,0.000247,2103,-2.763953,4805.270000,14019.000000,8.986126,20.372481
25,1574683,1576760,1578695,1.930000,0.000212,1965,-2.294566,4809.140000,14058.000000,8.093903,19.297436
26,1578695,1580907,1582701,1.790000,0.000135,1965,-1.206222,4813.290000,14099.600000,9.331377,16.411080
27,1582701,1585739,1586682,0.940000,0.000154,2949,-1.491828,4818.120000,14147.600000,9.463670,18.477639
28,1586682,1589288,1591693,2.400000,0.000191,2606,-2.016104,4821.670000,14182.900000,8.219746,18.511308
29,1591693,1593719,1595448,1.730000,0.000227,1633,-2.537418,4826.100000,14227.100000,8.935068,15.991337
30,1595448,1597914,1599699,1.790000,0.000255,2192,-2.942614,4830.290000,14269.100000,8.441740,13.486045
31,1599699,1601724,1603677,1.960000,0.000215,1947,-2.388505,4834.100000,14306.900000,8.315312,17.132160
32,1603677,1605770,1607696,1.920000,0.000204,1986,-2.238915,4838.150000,14347.800000,8.694056,17.570440
33,1607696,1610756,1612680,1.930000,0.000086,2965,-0.545823,4843.130000,14397.400000,8.827903,18.418860
34,1612680,1614735,1616696,1.960000,0.000205,1925,-2.263271,4847.110000,14436.900000,8.599892,15.714446
35,1616696,1618755,1620695,1.940000,0.000169,1960,-1.759452,4851.130000,14477.100000,8.790513,17.899388
36,1620695,1623520,1625692,2.170000,0.000136,2825,-1.285497,4855.900000,14524.700000,8.914783,19.459678
37,1625692,1627736,1629824,2.090000,0.000136,1955,-1.293174,4860.110000,14566.800000,8.925097,16.806229
38,1630695,1636299,1638698,2.400000,0.001145,96,-16.017845,4868.680000,14652.300000,9.247125,21.534359
39,1638698,1640143,1641688,1.550000,0.001420,107,-20.157448,4872.520000,14689.100000,8.204244,18.154679
40,1641688,1644984,1646689,1.710000,0.001520,100,-21.655214,4877.360000,14736.700000,8.967673,19.406545
41,1646689,1649784,1651008,1.230000,0.000165,2964,-1.754960,4882.160000,14784.700000,9.442441,16.572095
42,1651008,1653956,1655829,1.880000,0.001355,139,-19.366749,4886.330000,14825.800000,8.236119,21.601050
43,1655829,1658757,1661698,2.940000,0.000147,1830,-1.501616,4891.140000,14874.500000,8.879104,16.081908
44,1661698,1663235,1665682,2.450000,0.001138,327,-16.266149,4895.610000,14918.100000,8.377463,15.253963
45,1665682,1666729,1668948,2.220000,0.001429,183,-20.663314,4899.110000,14953.900000,10.023097,13.990292
46,1668948,1671168,1672943,1.770000,0.000116,2220,-1.043473,4903.550000,14999.200000,nan,14.526191
47,1672943,1679844,1679954,0.110000,0.001228,199,-17.753552,4912.220000,15085.100000,3.480489,18.340354
48,1679954,1684652,1686469,1.820000,0.001573,518,-23.044091,4917.030000,15133.800000,13.345859,17.100056
49,1686469,1688343,1690755,2.410000,0.000206,1874,-2.428386,4920.720000,15169.600000,8.383144,12.499090
50,1690755,1693075,1695197,2.130000,0.000336,1501,-4.414125,4925.450000,15216.900000,7.930844,11.816552
51,1695197,1697608,1699912,2.300000,0.000181,986,-2.067681,4929.990000,15262.300000,8.536688,11.967811
52,1699912,1701889,1704200,2.310000,0.000388,1433,-5.239137,4934.270000,15304.500000,8.136815,11.524415
53,1704200,1706280,1708214,1.930000,0.000237,2080,-2.947334,4938.660000,15348.300000,8.284354,13.528584
54,1708214,1710788,1712503,1.710000,0.000366,2016,-4.946210,4943.170000,15393.300000,7.779736,14.244678
55,1712503,1714838,1716697,1.860000,0.000359,2092,-4.848959,4947.220000,15433.300000,7.625955,13.502122
56,1716697,1719394,1720987,1.600000,0.000335,2399,-4.491660,4951.770000,15478.800000,7.320001,13.689577
57,1720987,1723379,1725568,2.190000,0.000293,2392,-3.856633,4955.760000,15518.700000,7.599703,16.131580
58,1725568,1728239,1729891,1.650000,0.000452,1734,-6.340925,4960.620000,15567.100000,7.102071,16.614041
59,1729891,1732654,1734524,1.870000,0.000341,2666,-4.628216,4965.030000,15611.300000,7.299552,13.648329
60,1734524,1737038,1738685,1.640000,0.000340,2504,-4.635133,4969.420000,15655.100000,7.770364,14.943957
61,1738685,1741642,1743416,1.770000,0.000331,2831,-4.511666,4974.020000,15701.200000,7.793174,14.437807
62,1743416,1746215,1747834,1.620000,0.000276,2799,-3.648419,4978.590000,15746.800000,7.768893,14.791980
63,1747834,1750729,1752399,1.670000,0.000397,2674,-5.578317,4983.110000,15791.800000,7.035428,18.117172
64,1752399,1755493,1757228,1.740000,0.000401,2798,-5.653042,4987.870000,15839.200000,6.942746,16.422442
65,1757228,1760025,1761717,1.700000,0.000443,2698,-6.336395,4992.400000,15884.400000,6.946391,16.173018
66,1761717,1764807,1766861,2.050000,0.000362,2495,-5.079050,4997.190000,15931.100000,7.054405,14.777605
67,1766861,1769654,1771315,1.660000,0.000281,2793,-3.804673,5002.030000,15979.200000,7.092000,15.673686
68,1771315,1774135,1776246,2.110000,0.000441,2462,-6.370203,5006.510000,16023.900000,6.862305,15.617267
69,1776246,1779021,1780488,1.470000,0.000385,2000,-5.486077,5011.400000,16072.800000,7.303340,14.948583
70,1780488,1783472,1784825,1.350000,0.000277,2771,-3.774160,5015.850000,16117.200000,8.232752,12.630931
71,1784825,1787661,1789441,1.780000,0.000200,2583,-2.544016,5020.040000,16159.100000,8.876159,11.595067
72,1789441,1791900,1793174,1.270000,0.000179,2459,-2.209828,5024.280000,16201.400000,8.765387,10.684349
73,1793174,1796713,1798123,1.410000,0.000066,3537,-0.378570,5029.090000,16248.900000,9.297224,10.392894
74,1798123,1800068,1801895,1.820000,0.000087,1926,-0.723548,5032.450000,16282.000000,9.072352,10.175755
75,1801895,1804974,1807988,3.020000,0.000041,3074,0.010980,5037.350000,16329.700000,9.138763,10.747818
76,1807988,1809341,1811852,2.510000,0.000212,1160,-2.779332,5041.720000,16372.600000,9.557514,11.337550
77,1811852,1813799,1816218,2.420000,0.000274,1580,-3.802588,5046.180000,16416.700000,8.455125,13.658222
78,1816218,1818646,1820629,1.990000,0.000289,1960,-4.064523,5051.020000,16465.100000,7.819392,14.068645
79,1820629,1823243,1825085,1.840000,0.000309,2131,-4.413058,5055.620000,16510.500000,6.912240,13.890326
80,1825085,1828186,1829883,1.700000,0.000288,2821,-4.073504,5060.560000,16557.800000,7.077192,13.492511
81,1829883,1832888,1834443,1.550000,0.000252,2776,-3.485338,5065.270000,16602.700000,7.620902,14.745115
82,1834443,1837402,1839154,1.750000,0.000370,1999,-5.468099,5069.780000,16647.200000,7.247697,16.448264
83,1839154,1841811,1843280,1.470000,0.000379,2369,-5.636214,5074.190000,16691.100000,6.785033,20.076171
84,1843280,1846647,1848088,1.440000,0.000391,3246,-5.850202,5079.030000,16739.300000,6.914719,20.524393
85,1848088,1851596,1852913,1.320000,0.000437,3031,-6.646674,5083.970000,16788.700000,6.384639,20.553423
86,1852913,1856261,1857809,1.550000,0.000425,2873,-6.461947,5088.640000,16835.100000,6.570098,19.972699
87,1857809,1860948,1862438,1.490000,0.000398,2891,-6.017618,5093.330000,16881.700000,6.560993,20.259986
88,1862438,1865545,1867504,1.960000,0.000380,2479,-5.734163,5097.920000,16927.700000,6.972701,15.186979
89,1867504,1870459,1871829,1.370000,0.000340,2292,-5.071379,5102.840000,16977.000000,6.929694,17.202291
90,1871829,1874810,1876378,1.570000,0.000381,2867,-5.791751,5107.190000,17020.300000,6.819004,19.377859
91,1876378,1879389,1880866,1.470000,0.000463,2476,-7.200210,5111.770000,17066.000000,6.716216,20.628693
92,1880866,1884229,1885652,1.420000,0.000409,2941,-6.298325,5116.610000,17113.300000,6.681734,22.474361
93,1885652,1889090,1890578,1.490000,0.000418,3140,-6.473436,5121.470000,17159.400000,6.625992,19.653874
94,1890578,1893878,1895320,1.440000,0.000394,2626,-6.086243,5126.260000,17206.300000,6.937145,25.336597
95,1895320,1898715,1899979,1.270000,0.000517,2831,-8.223155,5131.090000,17254.000000,6.082244,34.080236
96,1899979,1904061,1905398,1.340000,0.000523,3520,-8.352323,5136.440000,17306.200000,5.985850,27.535681
97,1905398,1908978,1910429,1.450000,0.000494,2812,-7.880956,5141.360000,17355.000000,6.280348,25.340974
98,1910429,1913880,1915457,1.580000,0.000476,3170,-7.585099,5146.260000,17403.100000,6.008687,24.089793
99,1915457,1918807,1920197,1.390000,0.000453,2944,-7.218582,5151.190000,17451.200000,6.224737,26.478552
100,1920197,1923872,1925129,1.260000,0.000500,2962,-8.057030,5156.250000,17500.100000,5.585107,25.668504
101,1925129,1928670,1929809,1.140000,0.000493,2909,-7.956772,5161.050000,17548.100000,7.205062,26.425249
102,1929809,1933501,1934767,1.270000,0.000462,3468,-7.428373,5165.880000,17596.000000,6.470476,32.096174
103,1934767,1938643,1939790,1.150000,0.000516,3034,-8.402244,5171.020000,17647.600000,7.035275,23.351079
104,1939790,1943147,1944623,1.470000,0.000424,3165,-6.806549,5175.530000,17692.300000,6.538439,24.218995
105,1944623,1947969,1949392,1.420000,0.000466,2942,-7.568146,5180.350000,17740.700000,6.862128,23.860462
106,1949392,1952861,1953990,1.130000,0.000460,2706,-7.485588,5185.240000,17789.300000,7.301499,32.485860
107,1953990,1957739,1959115,1.370000,0.000529,3071,-8.733754,5190.120000,17838.100000,6.292109,35.008704
108,1959115,1963152,1964372,1.220000,0.000507,2829,-8.369289,5195.530000,17891.900000,5.963835,30.334802
109,1964372,1968156,1969492,1.340000,0.000496,3306,-8.205557,5200.530000,17942.100000,6.145528,24.985792
110,1969492,1973189,1974430,1.240000,0.000462,3266,-7.612318,5205.570000,17992.200000,6.523987,31.247007
111,1974430,1978122,1979343,1.220000,0.000478,3193,-7.920229,5210.500000,18041.500000,6.633933,28.168291
112,1979343,1982902,1984340,1.440000,0.000467,3142,-7.746733,5215.280000,18089.300000,6.303527,27.810518
113,1984340,1987869,1989055,1.180000,0.000507,2834,-8.507151,5220.250000,18139.000000,6.142665,30.681672
114,1989055,1992971,1994093,1.120000,0.000518,3202,-8.731811,5225.350000,18189.900000,5.913503,36.944913
115,1994093,1997855,1999270,1.420000,0.000533,3310,-9.025424,5230.230000,18238.600000,6.022364,31.257153
116,1999270,2002955,2004102,1.150000,0.000504,3214,-8.511528,5235.330000,18289.400000,6.377438,28.684802
117,2004102,2007662,2008906,1.240000,0.000488,3067,-8.253816,5240.040000,18336.600000,6.640088,26.387752
118,2008906,2012311,2013638,1.330000,0.000466,3162,-7.878170,5244.690000,18382.700000,7.198265,40.149534
119,2013638,2017641,2018737,1.100000,0.000540,3143,-9.261896,5250.020000,18436.000000,5.949624,43.419665
120,2018737,2022871,2023991,1.120000,0.000528,3544,-9.059357,5255.250000,18488.000000,6.273202,47.324007
121,2023991,2028223,2029451,1.230000,0.000553,3669,-9.554795,5260.600000,18541.400000,5.827084,32.997076
122,2029451,2033218,2034516,1.290000,0.000481,3225,-8.250538,5265.600000,18591.300000,6.302248,35.844189
123,2034516,2038304,2039442,1.140000,0.000526,3195,-9.115699,5270.680000,18642.000000,6.779974,41.652311
124,2039442,2043386,2044625,1.240000,0.000534,3681,-9.291639,5275.760000,18692.900000,5.867788,36.312653
125,2044625,2048493,2049657,1.170000,0.000519,3283,-9.027738,5280.870000,18743.800000,6.273781,35.730717
126,2049657,2053516,2054695,1.180000,0.000527,3239,-9.215550,5285.890000,18793.900000,5.824644,26.675223
127,2054695,2058234,2059477,1.250000,0.000480,3140,-8.354955,5290.610000,18841.200000,6.190691,31.161997
128,2059477,2063280,2064398,1.120000,0.000511,3516,-8.959434,5295.660000,18891.400000,6.611563,49.980121
129,2064398,2068629,2069793,1.160000,0.000597,3403,-10.616483,5301.010000,18944.700000,5.365819,38.238194
130,2069793,2073651,2074948,1.300000,0.000543,3278,-9.610748,5306.030000,18995.200000,6.466028,23.885862
131,2074948,2078571,2079691,1.120000,0.000453,3436,-7.923341,5310.950000,19043.100000,5.939515,42.190363
132,2079691,2083566,2084874,1.310000,0.000554,3460,-9.874170,5315.940000,19092.800000,5.997356,40.276962
133,2084874,2088856,2089936,1.080000,0.000548,3264,-9.792612,5321.230000,19144.600000,5.395815,49.063888
134,2089936,2094378,2095556,1.170000,0.000580,3929,-10.443324,5326.760000,19198.800000,5.031690,35.454838
135,2095556,2099344,2100922,1.580000,0.000495,3308,-8.837322,5331.720000,19248.200000,6.094322,29.284171
136,2100922,2104405,2105671,1.270000,0.000537,2710,-9.656423,5336.780000,19298.100000,6.148237,29.123943
137,2105671,2109166,2110215,1.050000,0.000508,2831,-9.126641,5341.540000,19345.200000,6.039718,55.163434
138,2110215,2114577,2115863,1.280000,0.000579,3775,-10.530312,5346.960000,19398.400000,5.673965,40.894600
139,2115863,2119662,2120929,1.270000,0.000571,3268,-10.407058,5352.040000,19448.300000,6.439715,40.396122
140,2120929,2124986,2126133,1.150000,0.000560,3331,-10.213066,5357.360000,19501.000000,5.815482,36.974653
141,2126133,2129847,2131065,1.210000,0.000566,3113,-10.366914,5362.230000,19548.800000,6.447684,27.342191
142,2131065,2134323,2135683,1.360000,0.000485,3139,-8.800105,5366.700000,19595.200000,6.778355,44.641717
143,2135683,2139023,2140700,1.680000,0.000576,2947,-10.614991,5371.400000,19642.800000,6.582557,19.469534
144,2140700,2143769,2145049,1.280000,0.000400,2498,-7.178607,5376.150000,19690.300000,7.479132,22.637233
145,2145049,2148052,2149695,1.640000,0.000460,2807,-8.387872,5380.430000,19733.300000,6.567663,26.029383
146,2149695,2152860,2154034,1.170000,0.000534,2483,-9.874834,5385.240000,19782.000000,5.822938,30.450791
147,2154034,2157343,2158586,1.240000,0.000516,2645,-9.526886,5389.720000,19827.200000,7.328443,39.136016
148,2158586,2162162,2163370,1.210000,0.000582,2706,-10.870949,5394.540000,19877.100000,7.046567,33.227255
149,2163370,2167061,2168494,1.430000,0.000545,3228,-10.156899,5399.440000,19924.600000,5.521572,27.497233
150,2168494,2172010,2173007,1.000000,0.000525,2753,-9.795394,5404.390000,19973.000000,6.015836,38.882052
151,2173007,2176994,2177956,0.960000,0.000566,3592,-10.625759,5409.370000,20022.600000,5.633488,57.694110
152,2177956,2182398,2183358,0.960000,0.000594,3629,-11.225684,5414.780000,20076.500000,5.822734,54.746353
153,2183358,2187722,2188724,1.000000,0.000562,3682,-10.620167,5420.100000,20129.400000,6.481487,44.708416
154,2188724,2192851,2194096,1.240000,0.000554,3581,-10.489464,5425.230000,20180.700000,6.299090,41.897800
155,2194096,2198003,2199122,1.120000,0.000541,3194,-10.247104,5430.380000,20232.000000,5.861031,51.442679
156,2199122,2203131,2204319,1.190000,0.000580,3401,-11.063230,5435.510000,20283.100000,5.596637,51.404873
157,2204319,2208434,2209515,1.080000,0.000564,3662,-10.767584,5440.810000,20336.100000,6.727833,60.266930
158,2209515,2213923,2214980,1.060000,0.000610,3690,-11.741031,5446.300000,20390.900000,5.586924,49.266288
159,2214980,2219090,2220200,1.110000,0.000569,3664,-10.942156,5451.470000,20442.300000,5.800459,48.784846
160,2220200,2224422,2225416,0.990000,0.000582,3783,-11.232726,5456.800000,20495.500000,5.742489,53.686031
161,2225416,2229677,2230626,0.940000,0.000563,3481,-10.872764,5462.060000,20548.300000,6.282039,61.155972
162,2230626,2235185,2236343,1.160000,0.000586,3748,-11.371497,5467.560000,20602.900000,5.776375,48.948025
163,2236343,2240638,2241788,1.150000,0.000561,3641,-10.896392,5473.020000,20657.500000,6.174827,41.409229
164,2241788,2245878,2246973,1.090000,0.000538,3083,-10.433853,5478.260000,20709.700000,6.673797,39.398961
165,2246973,2250890,2252109,1.220000,0.000531,3511,-10.322701,5483.270000,20759.900000,5.913914,48.340271
166,2252109,2256156,2257493,1.340000,0.000562,3344,-10.996649,5488.530000,20812.500000,6.200326,51.945655
167,2257493,2261946,2262929,0.990000,0.000588,3177,-11.571344,5494.320000,20870.100000,6.115344,44.394418
168,2262929,2267069,2268074,1.000000,0.000546,3509,-10.715654,5499.450000,20921.400000,6.259196,38.593047
169,2268074,2272202,2273329,1.130000,0.000524,3696,-10.291488,5504.580000,20972.600000,6.253826,42.185216
170,2273329,2277199,2278340,1.140000,0.000565,3192,-11.171652,5509.580000,21022.500000,5.975387,44.594369
171,2278340,2282352,2283290,0.940000,0.000562,3459,-11.142363,5514.730000,21073.800000,6.120899,68.854120
172,2283290,2287899,2288979,1.080000,0.000588,4096,-11.726901,5520.280000,21128.900000,5.258224,51.388937
173,2288979,2293503,2294477,0.980000,0.000577,3624,-11.525648,5525.880000,21184.900000,5.829892,41.018166
174,2294477,2298433,2299678,1.250000,0.000540,3230,-10.757859,5530.810000,21234.200000,6.101686,45.476676
175,2299678,2303893,2304810,0.920000,0.000567,3540,-11.376482,5536.270000,21288.500000,5.916315,72.973242
176,2304810,2309749,2310506,0.750000,0.000579,4150,-11.667815,5542.130000,21347.000000,5.226743,76.322639
177,2310506,2315447,2316357,0.910000,0.000590,4038,-11.930092,5547.830000,21403.800000,5.720782,62.078035
178,2316357,2320586,2321690,1.110000,0.000561,3647,-11.343390,5552.960000,21455.200000,5.591141,46.582598
179,2321690,2325552,2326746,1.190000,0.000553,3365,-11.191936,5557.930000,21504.900000,5.686622,43.597092
180,2326746,2330710,2331824,1.110000,0.000562,3177,-11.417520,5563.090000,21556.600000,5.756751,57.712097
181,2331824,2343364,2544684,201.320000,0.000567,3300,-11.558917,5575.740000,21592.700000,3.237106,8.253153
182,2544684,2586561,2587870,1.310000,0.000005,190,0.566513,5818.940000,21549.000000,-0.000214,110.171723
183,2587870,2590267,2591773,1.500000,0.000344,2328,-6.728157,5822.650000,21585.900000,7.954019,15.867843
184,2591773,2594570,2595818,1.250000,0.000404,2460,-8.036769,5826.950000,21627.700000,7.059346,28.225508
185,2595818,2599692,2600530,0.840000,0.000523,3512,-10.637079,5832.070000,21677.200000,6.637195,74.797329
186,2600530,2604895,2605770,0.880000,0.000683,3750,-14.145754,5837.270000,21728.900000,6.520722,43.689515
187,2605770,2609208,2610365,1.150000,0.000573,3392,-11.782476,5841.590000,21771.800000,5.713249,45.091854
188,2610365,2614143,2615151,1.010000,0.000588,3108,-12.134770,5846.520000,21820.300000,5.792517,39.521681
189,2615151,2618943,2619950,1.010000,0.000567,3403,-11.708571,5851.320000,21866.900000,6.163925,40.847098
190,2619950,2623580,2624753,1.170000,0.000581,2679,-12.030676,5855.960000,21913.300000,6.750797,34.644815
191,2624753,2628253,2629164,0.910000,0.000561,3500,-11.626355,5860.630000,21958.700000,6.251495,59.794503
192,2629164,2633741,2634670,0.930000,0.000613,3040,-12.787320,5866.120000,22010.600000,6.245406,51.210594
193,2634670,2638569,2639694,1.120000,0.000575,3734,-11.987765,5870.950000,22057.600000,6.942274,48.950570
194,2639694,2643291,2644256,0.960000,0.000586,3142,-12.256393,5875.670000,22104.900000,6.336975,43.579889
195,2644256,2647916,2648966,1.050000,0.000554,3252,-11.565007,5880.290000,22151.200000,6.200115,46.247903
196,2648966,2652647,2653572,0.920000,0.000600,3122,-12.621161,5885.030000,22198.500000,5.081754,53.552648
197,2653572,2657477,2658740,1.260000,0.000591,3543,-12.440153,5889.860000,22246.600000,5.943109,34.485436
198,2658740,2662030,2663088,1.060000,0.000531,3143,-11.144769,5894.410000,22291.800000,5.829103,59.192763
199,2663088,2666960,2668184,1.220000,0.000633,3228,-13.440057,5899.340000,22341.100000,4.913535,48.315445
200,2668184,2672006,2673015,1.010000,0.000578,3424,-12.242499,5904.380000,22391.400000,7.328748,61.514819
201,2673015,2677095,2678385,1.290000,0.000633,3381,-13.505794,5909.470000,22442.200000,5.652017,51.253218
202,2678385,2682172,2683351,1.180000,0.000619,3098,-13.235615,5914.550000,22493.100000,6.668919,54.449633
203,2683351,2687269,2688384,1.110000,0.000604,3277,-12.908337,5919.650000,22543.600000,5.616869,47.702777
204,2688384,2692307,2693514,1.200000,0.000590,3262,-12.631802,5924.690000,22593.800000,5.548077,37.156690
205,2693514,2697257,2698315,1.050000,0.000559,3295,-11.966906,5929.640000,22643.100000,6.117493,50.839353
206,2698315,2702374,2703367,1.000000,0.000609,3439,-13.125325,5934.750000,22694.100000,5.594904,60.418818
207,2703367,2707570,2708619,1.050000,0.000615,3475,-13.297235,5939.950000,22746.000000,5.567260,58.499790
208,2708619,2712638,2713716,1.070000,0.000628,3358,-13.622204,5945.020000,22796.600000,6.135636,55.282244
209,2713716,2717667,2718496,0.820000,0.000625,3075,-13.583089,5950.050000,22846.800000,5.962751,85.244039
210,2718496,2723117,2724481,1.360000,0.000652,3795,-14.241564,5955.500000,22900.900000,5.592347,58.219078
211,2724481,2728287,2729302,1.010000,0.000626,2974,-13.678554,5960.670000,22952.600000,5.726508,72.434639
212,2729302,2733802,2734813,1.010000,0.000628,3760,-13.740173,5966.180000,23007.700000,5.267294,72.532553
213,2734813,2739237,2740036,0.790000,0.000646,3331,-14.186375,5971.620000,23062.000000,5.752223,91.710434
214,2740036,2744950,2745699,0.750000,0.000663,3990,-14.633450,5977.330000,23118.900000,5.413841,73.672404
215,2745699,2750137,2751176,1.030000,0.000628,3944,-13.858117,5982.520000,23170.700000,5.535270,59.361975
216,2751176,2755220,2756314,1.090000,0.000588,3538,-12.954495,5987.600000,23221.600000,5.889200,41.170010
217,2756314,2760022,2761293,1.270000,0.000545,2866,-11.990361,5992.400000,23269.600000,5.842837,59.325618
218,2761293,2765157,2766363,1.200000,0.000698,3000,-15.582321,5997.540000,23320.600000,5.437794,69.172442
219,2766363,2770739,2771501,0.760000,0.000643,3283,-14.320360,6003.120000,23376.500000,5.812491,100.048609
220,2771501,2776539,2777398,0.860000,0.000643,4008,-14.363691,6008.920000,23434.200000,5.245290,67.468901
221,2777398,2781840,2782748,0.910000,0.000584,3962,-13.022452,6014.220000,23486.900000,5.826469,81.593148
222,2782748,2787417,2788275,0.850000,0.000637,3660,-14.290046,6019.800000,23542.800000,5.397340,68.439005
223,2788275,2792674,2793566,0.890000,0.000584,4134,-13.082915,6025.050000,23595.300000,5.788318,78.939286
224,2793566,2798210,2799132,0.920000,0.000619,3787,-13.949539,6030.590000,23650.500000,5.513919,84.993672
225,2799132,2803869,2804877,1.010000,0.000629,3825,-14.200989,6036.250000,23707.000000,5.349714,48.861604
226,2804877,2808841,2809921,1.080000,0.000586,3311,-13.222932,6041.220000,23756.800000,6.026773,46.294474
227,2809921,2813881,2814843,0.960000,0.000569,3233,-12.855114,6046.260000,23806.900000,6.019798,59.163575
228,2814843,2819259,2820235,0.970000,0.000593,3959,-13.453467,6051.640000,23859.900000,6.025400,78.746219
229,2820235,2825049,2825933,0.880000,0.000643,4126,-14.689246,6057.430000,23917.200000,5.481046,87.759682
230,2825933,2830630,2831621,0.990000,0.000660,3998,-15.128747,6063.010000,23973.000000,5.370698,82.848608
231,2831621,2836094,2837268,1.180000,0.000647,3613,-14.840671,6068.470000,24027.300000,5.383173,57.356036
232,2837268,2841277,2842282,1.000000,0.000641,2769,-14.730692,6073.660000,24079.300000,5.739206,68.170417
233,2842282,2846603,2847633,1.030000,0.000660,3230,-15.232756,6078.980000,24132.300000,5.518047,60.132530
234,2847633,2852057,2852936,0.870000,0.000609,3790,-14.035322,6084.440000,24186.700000,5.445360,69.684023
235,2852936,2857466,2858494,1.030000,0.000608,3554,-14.032776,6089.840000,24241.000000,5.846114,65.532748
236,2858494,2862584,2863800,1.220000,0.000614,3528,-14.207222,6094.960000,24292.300000,5.349714,77.099105
237,2863800,2868497,2869344,0.840000,0.000619,4002,-14.367270,6100.880000,24351.000000,5.330756,66.582506
238,2869344,2873717,2874708,0.990000,0.000624,3449,-14.534057,6106.100000,24403.000000,5.625723,67.278126
239,2874708,2879299,2880374,1.070000,0.000611,3446,-14.253607,6111.680000,24459.000000,5.444503,50.016914
240,2880374,2884450,2885556,1.100000,0.000558,3578,-12.989163,6116.830000,24510.400000,5.931549,39.181150
241,2885556,2889609,2890556,0.940000,0.000534,3646,-12.430465,6121.990000,24561.900000,6.166095,67.092694
242,2890556,2895026,2895923,0.900000,0.000630,3892,-14.803751,6127.400000,24615.900000,5.199821,70.476200
243,2895923,2900460,2901415,0.950000,0.000622,3896,-14.651731,6132.840000,24670.300000,5.708350,61.568602
244,2901415,2905761,2906751,0.990000,0.000613,3536,-14.465125,6138.140000,24723.200000,5.656265,69.754378
245,2906751,2911111,2912153,1.040000,0.000644,3246,-15.253524,6143.490000,24776.500000,5.483744,65.043096
246,2912153,2916628,2917438,0.810000,0.000609,3563,-14.419469,6149.010000,24831.600000,5.372716,58.575615
247,2917438,2921653,2922784,1.130000,0.000605,3489,-14.352368,6154.030000,24881.800000,6.002274,52.798199
248,2922784,2926722,2927682,0.960000,0.000610,3171,-14.501198,6159.100000,24932.400000,5.872486,80.226465
249,2927682,2932341,2933300,0.960000,0.000669,3678,-16.017402,6164.720000,24988.300000,4.928730,84.468848
250,2933300,2938051,2938883,0.830000,0.000651,3741,-15.615362,6170.430000,25045.200000,5.329589,69.938625
251,2938883,2943490,2944416,0.920000,0.000577,4125,-13.772633,6175.870000,25099.500000,6.098992,54.008145
252,2944416,2948521,2949563,1.040000,0.000584,3327,-14.000516,6180.900000,25149.900000,5.809726,54.174574
253,2949563,2953718,2954816,1.090000,0.000580,3279,-13.912891,6186.100000,25201.700000,5.644122,50.701920
254,2954816,2958722,2959757,1.040000,0.000573,3249,-13.781542,6191.100000,25251.800000,5.817780,61.886954
255,2959757,2964320,2965217,0.900000,0.000616,3686,-14.900558,6196.700000,25307.600000,5.511736,64.656533
256,2965217,2969902,2970605,0.700000,0.000609,3859,-14.757976,6202.280000,25363.400000,5.738781,87.726074
257,2970605,2975413,2976336,0.920000,0.000650,3919,-15.815402,6207.790000,25418.200000,5.265833,74.655696
258,2976336,2980906,2981686,0.780000,0.000603,3938,-14.650874,6213.280000,25473.100000,6.008712,95.426434
259,2981686,2986434,2987477,1.050000,0.000663,3720,-16.225429,6218.810000,25528.300000,5.673559,61.542008
260,2987477,2991835,2992707,0.880000,0.000602,3444,-14.692684,6224.210000,25582.300000,5.496268,86.939995
261,2992707,2997611,2998701,1.090000,0.000611,4237,-14.978040,6229.990000,25640.000000,5.371139,65.492662
262,2998701,3003049,3004200,1.150000,0.000637,3306,-15.662413,6235.430000,25694.300000,5.983858,50.328638
263,3004200,3008236,3009317,1.090000,0.000643,2761,-15.856813,6240.610000,25746.300000,5.776225,49.331758
264,3009317,3013409,3014330,0.920000,0.000613,3334,-15.110173,6245.790000,25797.700000,6.083281,59.616754
265,3014330,3018794,3019682,0.890000,0.000592,3449,-14.614351,6251.170000,25851.500000,5.687744,71.907040
266,3019682,3024187,3025071,0.880000,0.000653,3530,-16.204876,6256.570000,25905.300000,5.285491,76.172824
267,3025071,3029471,3030664,1.190000,0.000637,3573,-15.842443,6261.850000,25958.100000,5.376749,49.985085
268,3030664,3034601,3035582,0.980000,0.000587,3263,-14.570638,6266.980000,26009.200000,6.030577,70.407719
269,3035582,3039866,3040864,1.000000,0.000639,3559,-15.944516,6272.240000,26061.900000,5.404687,72.666721
270,3040864,3045583,3046591,1.010000,0.000631,3854,-15.768631,6277.960000,26118.900000,5.741041,63.433220
271,3046591,3050957,3051956,0.990000,0.000619,3482,-15.502251,6283.340000,26172.500000,5.621927,65.315690
272,3051956,3056096,3057303,1.210000,0.000641,3119,-16.121208,6288.470000,26223.800000,5.679396,59.162183
273,3057303,3061577,3062638,1.060000,0.000608,3248,-15.268545,6293.960000,26278.600000,5.647569,64.313089
274,3062638,3066876,3067857,0.990000,0.000631,3330,-15.924560,6299.250000,26331.400000,5.431523,67.120805
275,3067857,3072408,3073339,0.930000,0.000618,3527,-15.596445,6304.790000,26386.600000,5.642398,65.011930
276,3073339,3077841,3078730,0.890000,0.000602,3596,-15.228503,6310.220000,26440.900000,5.995440,61.290377
277,3078730,3083073,3083917,0.850000,0.000633,3369,-16.071866,6315.450000,26493.200000,5.688073,78.672425
278,3083917,3088474,3089326,0.850000,0.000645,3615,-16.430560,6320.850000,26546.900000,5.870678,69.671094
279,3089326,3093686,3094857,1.180000,0.000634,3583,-16.151432,6326.060000,26599.100000,5.653952,61.039877
280,3094857,3099034,3100147,1.120000,0.000609,3583,-15.542259,6331.410000,26652.400000,5.450923,58.272473
281,3100147,3104371,3105541,1.170000,0.000601,3576,-15.352898,6336.750000,26705.700000,5.761365,47.485564
282,3105541,3109261,3110364,1.100000,0.000607,2858,-15.540471,6341.640000,26754.500000,5.776457,76.156911
283,3110364,3115139,3116027,0.890000,0.000647,3708,-16.659811,6347.520000,26813.200000,5.381801,72.854875
284,3116027,3120434,3121443,1.010000,0.000616,3860,-15.850166,6352.810000,26866.100000,5.516596,79.034801
285,3121443,3126091,3127126,1.030000,0.000612,3992,-15.788244,6358.470000,26922.500000,5.643200,70.183211
286,3127126,3131576,3132518,0.950000,0.000627,3630,-16.215167,6363.950000,26977.000000,5.482413,65.286882
287,3132518,3137048,3138017,0.970000,0.000616,3566,-15.941296,6369.430000,27031.800000,5.932683,44.913041
288,3138017,3142018,3142907,0.890000,0.000575,3502,-14.876408,6374.400000,27081.600000,6.050215,64.564805
289,3142907,3147309,3148164,0.850000,0.000619,3659,-16.100759,6379.690000,27134.300000,5.973967,72.723379
290,3148164,3152659,3153708,1.050000,0.000625,3641,-16.280285,6385.040000,27187.800000,6.021242,64.732647
291,3153708,3158096,3159167,1.080000,0.000602,3742,-15.701688,6390.470000,27242.100000,5.710594,71.032275
292,3159167,3163585,3164457,0.880000,0.000647,3416,-16.962210,6395.960000,27296.800000,5.688218,73.654520
293,3164457,3169068,3169967,0.900000,0.000619,3931,-16.225589,6401.450000,27351.500000,5.546501,79.482288
294,3169967,3174676,3175590,0.920000,0.000618,3745,-16.241962,6407.050000,27407.600000,5.804974,62.833901
295,3175590,3179996,3180937,0.950000,0.000603,3611,-15.867566,6412.370000,27460.700000,5.356898,65.059347
296,3180937,3185253,3186284,1.030000,0.000601,3730,-15.845064,6417.630000,27513.200000,5.835343,72.606521
297,3186284,3190944,3192002,1.060000,0.000643,3600,-17.017623,6423.320000,27569.900000,5.622963,60.822100
298,3192002,3196323,3197325,1.000000,0.000605,3554,-16.005455,6428.700000,27623.700000,5.837569,57.891316
299,3197325,3201502,3202347,0.850000,0.000581,3445,-15.381306,6433.880000,27675.400000,5.876034,88.512520
300,3202347,3207296,3208276,0.980000,0.000638,3820,-16.980609,6439.670000,27733.200000,5.381933,45.916970
301,3208276,3212287,3213288,1.000000,0.000562,3425,-14.925953,6444.670000,27783.000000,5.890316,49.163095
302,3213288,3217365,3218338,0.980000,0.000591,3514,-15.742208,6449.740000,27833.700000,5.891608,55.772248
303,3218338,3222464,3223458,1.000000,0.000597,3730,-15.940064,6454.840000,27884.500000,5.598446,85.872931
304,3223458,3228249,3229240,0.990000,0.000647,3943,-17.391768,6460.630000,27942.100000,5.190646,78.232271
305,3229240,3233919,3234824,0.900000,0.000638,3960,-17.157198,6466.300000,27998.700000,5.150028,70.908303
306,3234824,3239621,3240292,0.670000,0.000600,3843,-16.121313,6472.000000,28055.700000,6.472536,46.287346
307,3240292,3244559,3245472,0.910000,0.000550,3657,-14.753142,6476.940000,28105.100000,5.819965,59.393649
308,3245472,3249911,3250926,1.010000,0.000582,3793,-15.692878,6482.290000,28158.300000,5.568421,71.761472
309,3250926,3255380,3256353,0.970000,0.000630,3326,-17.062952,6487.760000,28212.800000,5.755461,70.324737
310,3256353,3260877,3261873,0.990000,0.000600,3850,-16.256356,6493.260000,28267.800000,5.865911,65.343847
311,3261873,3266331,3267483,1.150000,0.000611,3592,-16.613884,6498.710000,28322.300000,5.565970,42.844705
312,3267483,3271276,3272450,1.180000,0.000551,3172,-14.923854,6503.650000,28371.700000,6.114360,36.092154
313,3272450,3276173,3277183,1.010000,0.000503,3229,-13.604486,6508.550000,28420.700000,6.526924,55.185617
314,3277183,3281513,3282283,0.770000,0.000610,3457,-16.656601,6513.890000,28473.900000,5.908167,89.272678
315,3282283,3287113,3288045,0.930000,0.000660,3780,-18.117874,6519.490000,28529.600000,5.364540,73.173255
316,3288045,3292455,3293328,0.880000,0.000625,3568,-17.178695,6524.830000,28582.900000,5.674580,79.574501
317,3293328,3297861,3298825,0.960000,0.000639,3743,-17.589692,6530.240000,28636.900000,5.593410,64.087401
318,3298825,3303289,3304147,0.860000,0.000595,3536,-16.365305,6535.670000,28691.300000,5.942987,68.930523
319,3304147,3308635,3309712,1.080000,0.000621,3547,-17.158504,6541.010000,28744.700000,5.680126,66.314596
320,3309712,3313954,3315248,1.300000,0.000621,3196,-17.193291,6546.330000,28797.700000,5.718045,43.324679
321,3315248,3319251,3320126,0.870000,0.000562,3040,-15.528037,6551.630000,28850.700000,6.111529,64.926277
322,3320126,3324634,3325741,1.110000,0.000605,3681,-16.787588,6557.010000,28904.500000,5.632666,58.865274
323,3325741,3329877,3330796,0.910000,0.000623,3062,-17.352163,6562.260000,28957.100000,5.850091,80.635526
324,3330796,3335634,3336677,1.050000,0.000645,4050,-18.004035,6568.010000,29014.300000,5.157982,68.351371
325,3336677,3341138,3342217,1.080000,0.000638,3613,-17.835609,6573.520000,29069.000000,5.481299,44.472013
326,3342217,3346034,3347015,0.980000,0.000578,3174,-16.127016,6578.410000,29118.000000,6.275576,66.241632
327,3347015,3351439,3352496,1.050000,0.000628,3309,-17.625575,6583.820000,29171.800000,5.708852,55.601787
328,3352496,3356682,3357559,0.880000,0.000589,3543,-16.521390,6589.060000,29224.100000,5.630254,81.034347
329,3357559,3362334,3363269,0.940000,0.000645,3650,-18.198003,6594.710000,29280.500000,5.691410,71.143501
330,3363269,3367665,3368758,1.100000,0.000615,3502,-17.348931,6600.040000,29333.700000,5.548029,63.284685
331,3368758,3373118,3374126,1.000000,0.000608,3584,-17.162755,6605.500000,29388.300000,5.463528,71.374556
332,3374126,3378739,3379763,1.020000,0.000603,3763,-17.063865,6611.120000,29444.400000,5.642622,66.214151
333,3379763,3384236,3384942,0.710000,0.000635,3325,-18.029084,6616.610000,29499.300000,5.850143,82.904520
334,3384942,3389668,3390694,1.020000,0.000640,3772,-18.225756,6622.050000,29553.500000,4.980346,83.026081
335,3390694,3395444,3396276,0.830000,0.000640,3631,-18.237300,6627.820000,29611.100000,5.585229,66.412539
336,3396276,3400634,3401404,0.770000,0.000600,3728,-17.100057,6633.010000,29662.900000,6.781039,84.442791
337,3401404,3406160,3407004,0.840000,0.000635,3748,-18.171798,6638.540000,29718.000000,5.802955,81.026828
338,3407004,3411583,3412371,0.790000,0.000646,3497,-18.527462,6643.960000,29772.200000,5.430455,73.591091
339,3412371,3416799,3417841,1.040000,0.000625,3653,-17.936527,6649.180000,29823.600000,5.510493,61.196118
340,3417841,3422216,3423201,0.990000,0.000607,3762,-17.429560,6654.590000,29877.400000,6.264968,66.895291
341,3423201,3427462,3428505,1.040000,0.000620,3551,-17.869028,6659.840000,29929.800000,5.429642,61.947556
342,3428505,3432967,3433843,0.870000,0.000589,3812,-16.957994,6665.350000,29984.200000,5.894349,86.719206
343,3433843,3438665,3439710,1.050000,0.000649,3761,-18.807906,6671.040000,30041.100000,5.485016,79.216782
344,3439710,3444385,3445407,1.030000,0.000624,3775,-18.091748,6676.760000,30098.000000,5.720607,66.994830
345,3445407,3449851,3450687,0.840000,0.000613,3403,-17.795179,6682.230000,30152.700000,5.624915,79.866196
346,3450687,3455338,3456214,0.870000,0.000652,3617,-19.002076,6687.720000,30207.300000,5.882608,74.288339
347,3456214,3460624,3461693,1.070000,0.000625,3665,-18.222625,6693.000000,30260.300000,5.359288,56.725851
348,3461693,3466011,3466914,0.900000,0.000575,3554,-16.719526,6698.390000,30313.900000,6.018127,63.505935
349,3466914,3471205,3472283,1.080000,0.000617,3400,-18.039359,6703.580000,30365.800000,5.581360,43.344589
350,3472283,3475976,3477118,1.150000,0.000538,3162,-15.676592,6708.350000,30413.500000,6.070771,46.041294
351,3477118,3480941,3481986,1.040000,0.000566,3184,-16.534187,6713.320000,30463.100000,5.789941,67.061467
352,3481986,3486644,3487402,0.760000,0.000616,3895,-18.097663,6719.020000,30520.100000,5.519441,88.581943
353,3487402,3492095,3493115,1.020000,0.000670,3700,-19.792277,6724.470000,30574.300000,5.368167,77.273513
354,3493115,3497641,3498370,0.730000,0.000633,3719,-18.683588,6730.020000,30629.900000,5.496253,94.029860
355,3498370,3503392,3504340,0.950000,0.000648,4090,-19.175178,6735.770000,30687.100000,5.010659,71.751409
356,3504340,3508948,3509831,0.880000,0.000617,3529,-18.260491,6741.330000,30742.500000,6.022794,55.599336
357,3509831,3513959,3514892,0.930000,0.000579,3442,-17.119679,6746.340000,30792.500000,6.053542,48.313420
358,3514892,3518803,3519938,1.140000,0.000573,3185,-16.976903,6751.180000,30841.000000,6.058115,44.657849
359,3519938,3523874,3524957,1.090000,0.000557,3313,-16.511298,6756.250000,30891.500000,6.033778,49.415281
360,3524957,3529010,3530236,1.220000,0.000578,3572,-17.195148,6761.390000,30942.800000,5.552389,48.518985
361,3530236,3534213,3535304,1.090000,0.000560,3394,-16.661072,6766.590000,30994.900000,6.226468,70.036900
362,3535304,3539921,3541002,1.080000,0.000646,3826,-19.368609,6772.300000,31051.800000,5.092355,60.902363
363,3541002,3545190,3546029,0.840000,0.000581,3325,-17.374448,6777.570000,31104.400000,6.246674,78.855513
364,3546029,3550631,3551695,1.060000,0.000647,3767,-19.458433,6783.010000,31158.900000,5.637926,64.249139
365,3551695,3555876,3556772,0.900000,0.000630,3367,-18.980786,6788.250000,31211.000000,6.260874,86.366404
366,3556772,3561475,3562447,0.980000,0.000639,3733,-19.281127,6793.850000,31266.800000,5.346847,59.017787
367,3562447,3566658,3567697,1.040000,0.000574,3706,-17.274643,6799.040000,31318.700000,5.663943,53.928581
368,3567697,3571840,3572832,0.990000,0.000575,3578,-17.332797,6804.220000,31370.400000,5.815478,72.682987
369,3572832,3577316,3578434,1.120000,0.000628,3644,-19.022533,6809.690000,31424.900000,5.558218,51.751904
370,3578434,3582290,3583246,0.950000,0.000581,3159,-17.576156,6814.670000,31474.700000,5.957779,69.372508
371,3583246,3587716,3588740,1.030000,0.000636,3489,-19.352246,6820.090000,31528.800000,5.721223,61.415866
372,3588740,3592849,3593875,1.020000,0.000605,3356,-18.423878,6825.230000,31580.100000,5.761424,58.684865
373,3593875,3598204,3599230,1.030000,0.000586,3604,-17.849782,6830.580000,31633.700000,6.634348,54.746546
374,3599230,3603482,3604358,0.880000,0.000584,3437,-17.811449,6835.860000,31686.300000,5.817879,58.363758
375,3604358,3608638,3609607,0.970000,0.000605,3515,-18.499016,6841.020000,31737.800000,5.831114,52.813219
376,3609607,3613676,3614829,1.160000,0.000601,3532,-18.425085,6846.050000,31788.100000,5.472006,44.749969
377,3614829,3618648,3619689,1.040000,0.000576,3430,-17.653082,6851.030000,31837.600000,5.863953,72.049789
378,3619689,3624187,3625172,0.980000,0.000630,3686,-19.404429,6856.570000,31892.800000,5.378560,67.849488
379,3625172,3629584,3630391,0.810000,0.000628,3565,-19.375979,6861.960000,31946.700000,5.833056,62.879036
380,3630391,3634666,3635510,0.850000,0.000606,3511,-18.707093,6867.040000,31997.600000,5.964517,74.682378
381,3635510,3640091,3641008,0.920000,0.000646,3543,-20.018777,6872.470000,32051.700000,5.498875,65.214207
382,3641008,3645632,3646537,0.910000,0.000643,3728,-19.938745,6878.010000,32107.000000,5.560391,81.584898
383,3646537,3651198,3652325,1.120000,0.000665,3368,-20.696501,6883.580000,32162.400000,5.868641,50.654362
384,3652325,3656078,3657168,1.090000,0.000564,3266,-17.479392,6888.460000,32211.300000,6.286182,53.815256
385,3657168,3661266,3662297,1.040000,0.000599,3429,-18.619105,6893.640000,32263.000000,5.917038,54.060128
386,3662297,3666364,3667622,1.260000,0.000604,3370,-18.838840,6898.740000,32314.000000,5.583380,42.624067
387,3667622,3671591,3672534,0.940000,0.000555,3380,-17.263493,6903.970000,32366.100000,5.949866,60.266287
388,3672534,3676961,3677890,0.930000,0.000610,3553,-19.080797,6909.340000,32419.600000,6.279235,56.507954
389,3677890,3682070,3683118,1.050000,0.000587,3541,-18.354562,6914.450000,32470.700000,5.651962,49.316093
390,3683118,3687181,3688170,0.990000,0.000563,3183,-17.602211,6919.560000,32521.800000,6.218548,51.890764
391,3688170,3692181,3693190,1.010000,0.000582,3516,-18.260377,6924.560000,32571.500000,5.989171,55.560073
392,3693190,3697392,3698490,1.100000,0.000641,3159,-20.208765,6929.770000,32623.600000,5.952913,47.816795
393,3698490,3702562,3703405,0.840000,0.000595,3258,-18.745001,6934.940000,32675.100000,5.735410,71.627991
394,3703405,3708034,3708999,0.970000,0.000633,3743,-20.025159,6940.410000,32729.800000,5.739600,42.025965
395,3708999,3712958,3714191,1.230000,0.000538,3216,-16.953445,6945.340000,32779.200000,5.970017,33.152219
396,3714191,3717776,3718915,1.140000,0.000555,3012,-17.528987,6950.150000,32827.100000,6.788867,53.289848
397,3718915,3722979,3724071,1.090000,0.000605,3321,-19.207655,6955.360000,32878.800000,5.513640,51.394885
398,3724071,3727959,3729019,1.060000,0.000600,3010,-19.069159,6960.340000,32928.600000,5.931572,60.886304
399,3729019,3733402,3734251,0.850000,0.000631,3633,-20.119408,6965.780000,32982.900000,5.591120,83.917615
400,3734251,3738943,3739825,0.880000,0.000677,3534,-21.683955,6971.320000,33038.200000,5.110910,63.446778
401,3739825,3743993,3745104,1.110000,0.000589,3553,-18.797723,6976.370000,33088.700000,5.529011,50.109113
402,3745104,3749057,3749999,0.940000,0.000578,3340,-18.475575,6981.440000,33139.300000,5.714380,62.901953
403,3749999,3754205,3755311,1.110000,0.000623,3525,-19.985554,6986.580000,33190.600000,5.664061,50.059698
404,3755311,3759161,3760299,1.140000,0.000594,3396,-19.041992,6991.540000,33240.100000,5.824049,53.836554
405,3760299,3764239,3765113,0.870000,0.000622,2791,-20.018618,6996.620000,33290.800000,6.084246,75.727295
406,3765113,3769654,3770835,1.180000,0.000651,3793,-21.025344,7002.030000,33345.000000,5.393079,43.668123
407,3770835,3774463,3775592,1.130000,0.000548,3074,-17.593923,7006.840000,33392.900000,5.931941,40.607436
408,3775592,3779483,3780569,1.090000,0.000595,3239,-19.193079,7011.860000,33442.900000,5.919964,44.043812
409,3780569,3784445,3785596,1.150000,0.000565,3267,-18.218494,7016.820000,33492.400000,6.153613,33.597185
410,3785596,3789154,3790224,1.070000,0.000529,3139,-17.055858,7021.530000,33539.400000,6.275656,51.187264
411,3790224,3794250,3795238,0.990000,0.000589,3476,-19.078196,7026.630000,33590.200000,5.770692,52.273834
412,3795238,3799179,3800095,0.910000,0.000611,3261,-19.857402,7031.560000,33639.400000,5.752173,68.199087
413,3800095,3804529,3805433,0.900000,0.000652,3770,-21.272030,7036.910000,33692.700000,5.504562,69.666620
414,3805433,3809924,3810883,0.960000,0.000629,3564,-20.513430,7042.300000,33746.600000,5.931241,51.847084
415,3810883,3814914,3815994,1.080000,0.000575,3550,-18.725745,7047.290000,33796.600000,5.978574,43.832449
416,3815994,3819648,3820888,1.240000,0.000572,2983,-18.674999,7052.030000,33844.000000,5.975982,51.032165
417,3820888,3824866,3825840,0.980000,0.000624,3045,-20.455593,7057.240000,33895.800000,6.385126,56.890030
418,3825840,3829960,3830884,0.920000,0.000627,3228,-20.578340,7062.340000,33946.700000,5.886853,62.000131
419,3830884,3834872,3836069,1.200000,0.000618,3230,-20.311673,7067.250000,33995.900000,5.559040,41.263470
420,3836069,3839629,3840659,1.030000,0.000539,2837,-17.663877,7072.010000,34043.400000,6.348124,53.542134
421,3840659,3844801,3845687,0.890000,0.000636,3148,-20.993337,7077.180000,34094.800000,5.957009,58.129501
422,3845687,3849682,3850822,1.140000,0.000614,3265,-20.261516,7082.060000,34143.600000,5.514976,49.107182
423,3850822,3854620,3855743,1.120000,0.000583,3257,-19.255421,7087.000000,34193.000000,5.600769,45.160285
424,3855743,3859432,3860468,1.040000,0.000579,3042,-19.138173,7091.810000,34241.000000,5.669945,52.693337
425,3860468,3864204,3865259,1.060000,0.000604,3073,-20.011338,7096.580000,34288.800000,5.629778,77.960697
426,3865259,3869658,3870618,0.960000,0.000653,3567,-21.743049,7102.040000,34343.100000,5.429644,78.394938
427,3870618,3875080,3875818,0.740000,0.000652,3528,-21.722022,7107.460000,34397.200000,5.750148,77.860090
428,3875818,3880112,3880969,0.860000,0.000639,3661,-21.319885,7112.490000,34447.300000,5.519236,98.441608
429,3880969,3885649,3886369,0.720000,0.000687,3494,-23.003280,7118.030000,34502.400000,5.386000,98.178364
430,3886369,3891062,3891808,0.750000,0.000696,3402,-23.343465,7123.440000,34556.700000,5.808184,75.916135
431,3891808,3896108,3896967,0.860000,0.000637,3507,-21.332852,7128.490000,34607.000000,6.094534,68.583038
432,3896967,3901109,3901850,0.740000,0.000639,3202,-21.458944,7133.490000,34656.900000,5.714011,64.245698
433,3901850,3905993,3906923,0.930000,0.000625,3416,-20.984008,7138.370000,34705.600000,5.963124,54.238680
434,3906923,3910646,3911882,1.240000,0.000610,3009,-20.495662,7143.020000,34752.300000,5.755225,36.013562
435,3911882,3915379,3916387,1.010000,0.000540,3038,-18.105804,7147.760000,34799.500000,6.130356,40.507468
436,3916387,3919996,3921038,1.050000,0.000553,2930,-18.574571,7152.370000,34845.400000,5.727074,36.620900
437,3921038,3924664,3925722,1.060000,0.000550,3090,-18.505443,7157.040000,34892.300000,5.887837,44.297251
438,3925722,3929254,3930086,0.830000,0.000606,2931,-20.470817,7161.630000,34937.900000,5.529892,61.413020
439,3930086,3934307,3935205,0.890000,0.000628,3427,-21.262807,7166.690000,34988.400000,5.423475,57.161144
440,3935205,3939189,3940087,0.900000,0.000574,3430,-19.406815,7171.570000,35037.100000,6.144997,57.636018
441,3940087,3944024,3944763,0.740000,0.000583,3393,-19.756123,7176.400000,35085.500000,5.876128,86.467171
442,3944763,3949576,3950308,0.740000,0.000666,3883,-22.690154,7181.950000,35140.600000,5.634463,87.741102
443,3950308,3955059,3955865,0.800000,0.000657,3584,-22.409050,7187.440000,35195.100000,5.329680,77.299956
444,3955865,3960234,3961142,0.910000,0.000630,3342,-21.512357,7192.610000,35246.900000,5.579785,59.020289
445,3961142,3965172,3966024,0.850000,0.000594,3394,-20.266837,7197.550000,35296.300000,5.571804,81.822692
446,3966024,3970634,3971490,0.860000,0.000666,3796,-22.859591,7203.010000,35350.900000,5.235346,86.201349
447,3971490,3975931,3976945,1.010000,0.000672,3384,-23.092014,7208.310000,35403.600000,6.128450,65.336006
448,3976945,3980986,3981936,0.950000,0.000670,2907,-23.063852,7213.360000,35453.200000,5.426135,56.793906
449,3981936,3985880,3986901,1.020000,0.000599,3149,-20.576851,7218.260000,35502.000000,5.997220,47.028709
450,4010983,4104533,4105705,1.170000,0.016796,441,-596.298528,7336.910000,35778.000000,0.693261,136.027907
451,4105705,4108869,4109694,0.820000,0.000614,2615,-21.305020,7341.250000,35821.500000,5.699217,55.779490
452,4109694,4113451,4114227,0.780000,0.000667,2959,-23.247075,7345.830000,35866.800000,6.565680,55.130350
453,4114227,4118018,4118767,0.750000,0.000654,3022,-22.780077,7350.400000,35912.500000,6.572766,46.502245
454,4118767,4122371,4123087,0.720000,0.000610,3185,-21.227987,7354.750000,35956.000000,5.458920,48.656445
455,4123087,4126908,4127596,0.680000,0.000635,3211,-22.177677,7359.290000,36001.200000,5.634386,50.329034
456,4127596,4131523,4132402,0.880000,0.000622,3325,-21.712674,7363.900000,36047.100000,6.099789,54.589447
457,4132402,4136132,4136820,0.690000,0.000664,2918,-23.254794,7368.510000,36093.200000,5.498408,57.931662
458,4136820,4140651,4141491,0.840000,0.000684,2750,-24.017760,7373.030000,36138.500000,4.115572,85.242874
459,4141491,4145849,4146443,0.590000,0.000733,3407,-25.836153,7378.230000,36190.800000,5.111388,76.776946
460,4146443,4150513,4151342,0.830000,0.000685,3405,-24.117341,7382.890000,36237.000000,5.597954,57.884305
461,4151342,4155299,4155988,0.690000,0.000656,3094,-23.108933,7387.680000,36284.600000,9.113143,52.176605
462,4155988,4159632,4160521,0.890000,0.000599,3332,-21.077978,7392.010000,36327.900000,5.208220,60.504405
463,4160521,4164169,4165245,1.070000,0.000635,3101,-22.393239,7396.550000,36373.100000,5.176723,55.753552
464,4165245,4168782,4169774,0.990000,0.000667,2397,-23.612221,7401.160000,36419.000000,6.177487,42.521984
465,4169774,4173082,4174388,1.310000,0.000612,2734,-21.633031,7405.460000,36462.600000,4.827274,30.442431
466,4174388,4177334,4178726,1.390000,0.000567,2252,-19.995877,7409.710000,36504.400000,6.162581,29.866186
467,4178726,4181647,4182995,1.340000,0.000591,2329,-20.895837,7414.030000,36547.600000,5.834239,33.886215
468,4182995,4186101,4187158,1.060000,0.000638,1938,-22.637469,7418.480000,36591.900000,6.876374,34.001849
469,4187158,4190422,4191363,0.940000,0.000578,2846,-20.493152,7422.800000,36634.700000,5.893220,58.897645
470,4191363,4195413,4196407,1.000000,0.000662,3272,-23.574638,7427.790000,36684.500000,5.666193,49.270640
471,4196407,4200193,4201001,0.810000,0.000622,3057,-22.150661,7432.570000,36732.300000,6.232484,51.899082
472,4201001,4204675,4205790,1.120000,0.000601,3178,-21.413210,7437.050000,36777.100000,5.715095,58.463453
473,4205790,4209773,4210683,0.910000,0.000644,3393,-23.010971,7442.150000,36827.600000,5.731602,65.837480
474,4210683,4214863,4215754,0.890000,0.000635,3637,-22.713721,7447.240000,36878.100000,5.362725,83.534029
475,4215754,4219929,4220903,0.970000,0.000690,3348,-24.804619,7452.310000,36928.800000,5.479649,66.171606
476,4220903,4225016,4225999,0.990000,0.000625,3327,-22.425276,7457.390000,36979.600000,5.587805,46.968446
477,4225999,4229632,4230685,1.050000,0.000568,3231,-20.349813,7462.010000,37025.900000,6.028919,51.270077
478,4230685,4234643,4235563,0.920000,0.000605,3359,-21.721985,7467.020000,37075.900000,6.059204,43.846067
479,4235563,4239270,4240088,0.820000,0.000611,3225,-21.974325,7471.650000,37121.800000,6.262465,66.401632
480,4240088,4244374,4245184,0.810000,0.000646,3472,-23.312571,7476.750000,37172.900000,5.683911,59.520583
481,4245184,4249225,4250113,0.890000,0.000630,3393,-22.758370,7481.600000,37221.300000,4.762502,47.959798
482,4250113,4254135,4254960,0.830000,0.000622,3412,-22.505396,7486.510000,37270.200000,5.879212,69.763743
483,4254960,4259080,4259982,0.900000,0.000687,3149,-24.947090,7491.460000,37319.800000,5.637398,65.310098
484,4259982,4264057,4265000,0.940000,0.000644,3440,-23.375690,7496.440000,37369.300000,5.376732,57.068386
485,4265000,4269172,4270013,0.840000,0.000655,3431,-23.824228,7501.550000,37420.400000,7.179164,66.282611
486,4270013,4274088,4275111,1.020000,0.000645,3411,-23.460735,7506.470000,37469.400000,6.017809,46.695358
487,4275111,4278722,4279789,1.070000,0.000614,2879,-22.335878,7511.100000,37515.800000,5.893722,57.268749
488,4279789,4283672,4284696,1.020000,0.000643,3134,-23.466560,7516.050000,37565.200000,5.341410,65.395660
489,4284696,4288882,4289921,1.040000,0.000633,3264,-23.100499,7521.260000,37617.000000,4.993477,49.475044
490,4289921,4293664,4294688,1.030000,0.000549,3268,-19.986938,7526.040000,37664.900000,6.241259,62.941813
491,4294688,4298872,4299722,0.850000,0.000643,3172,-23.547373,7531.250000,37717.000000,6.211683,70.912484
492,4299722,4304048,4305073,1.020000,0.000664,3482,-24.396849,7536.430000,37768.400000,4.615723,47.863646
493,4305073,4308701,4309598,0.900000,0.000607,2908,-22.244554,7541.080000,37815.000000,5.228333,69.202591
494,4309598,4313880,4314841,0.960000,0.000644,3706,-23.699898,7546.260000,37866.400000,5.303104,55.933822
495,4314841,4318708,4319874,1.160000,0.000633,3296,-23.326233,7551.090000,37915.000000,5.284228,51.725752
496,4319874,4323728,4324713,0.980000,0.000611,3249,-22.511110,7556.110000,37964.900000,5.209613,40.981725
497,4324713,4328431,4329438,1.010000,0.000592,3170,-21.815859,7560.810000,38012.000000,5.652044,50.415987
498,4329438,4333380,4334123,0.740000,0.000646,3206,-23.896353,7565.760000,38061.300000,5.550441,81.466524
499,4334123,4338679,4339601,0.920000,0.000685,3609,-25.409219,7571.060000,38114.200000,4.936276,51.596632
500,4339601,4343444,4344399,0.960000,0.000624,3263,-23.124937,7575.820000,38161.700000,5.903443,42.089623
501,4344399,4348086,4348799,0.720000,0.000597,3074,-22.114776,7580.460000,38208.200000,6.024615,65.761579
502,4348799,4352934,4353848,0.920000,0.000677,3382,-25.209792,7585.310000,38256.400000,5.850469,68.962183
503,4353848,4357893,4358674,0.780000,0.000655,3074,-24.381214,7590.270000,38305.700000,6.174318,77.102604
504,4358674,4363002,4363828,0.830000,0.000643,3829,-23.978969,7595.380000,38356.900000,5.716455,78.652518
505,4363828,4368115,4368841,0.730000,0.000673,3510,-25.146891,7600.490000,38407.800000,5.049900,86.227179
506,4368841,4373222,4373942,0.720000,0.000676,3711,-25.306005,7605.600000,38458.700000,5.318824,99.361167
507,4373942,4378462,4379289,0.830000,0.000685,3691,-25.677638,7610.840000,38511.200000,5.261524,67.180033
508,4379289,4383394,4384298,0.910000,0.000640,3543,-24.001695,7615.770000,38560.300000,6.299953,73.729441
509,4384298,4388405,4389288,0.890000,0.000683,3165,-25.673319,7620.780000,38610.300000,5.278928,73.567698
510,4389288,4393568,4394364,0.790000,0.000635,3822,-23.845789,7625.950000,38661.800000,5.452127,72.991672
511,4394364,4398487,4399545,1.050000,0.000663,3075,-24.974708,7630.870000,38711.000000,5.513252,40.347410
512,4399545,4403064,4404095,1.030000,0.000538,3241,-20.151814,7635.440000,38757.000000,5.684929,57.226825
513,4404095,4408262,4409141,0.880000,0.000619,3276,-23.311186,7640.640000,38808.600000,5.870020,46.791269
514,4409141,4413094,4413950,0.860000,0.000618,3027,-23.305239,7645.470000,38857.000000,6.194561,50.724184
515,4413950,4417826,4418854,1.030000,0.000601,3395,-22.700826,7650.200000,38904.200000,5.733906,47.421826
516,4418854,4422677,4423437,0.760000,0.000616,2755,-23.318625,7655.060000,38953.000000,5.899395,61.427665
517,4423437,4427439,4428145,0.700000,0.000614,3525,-23.268939,7659.820000,39000.200000,6.409304,90.416015
518,4428145,4432652,4433433,0.780000,0.000667,3762,-25.366210,7665.030000,39052.000000,5.415322,91.001736
519,4433433,4437822,4438578,0.760000,0.000650,3743,-24.709147,7670.200000,39103.600000,5.167968,95.742142
520,4438578,4443271,4444027,0.760000,0.000665,3835,-25.361792,7675.650000,39158.100000,5.700957,81.338790
521,4444027,4448303,4449028,0.730000,0.000701,3426,-26.804272,7680.680000,39208.300000,5.454695,103.358836
522,4449028,4453784,4454626,0.840000,0.000692,3942,-26.461021,7686.160000,39262.900000,4.679839,86.112394
523,4454626,4458816,4459741,0.930000,0.000638,3742,-24.405606,7691.190000,39313.200000,5.648045,80.450368
524,4459741,4464062,4464907,0.850000,0.000657,3774,-25.162649,7696.440000,39365.700000,5.466152,74.471008
525,4464907,4469028,4469922,0.890000,0.000621,3625,-23.784431,7701.410000,39415.300000,5.594888,60.337057
526,4469922,4473720,4474799,1.080000,0.000616,3160,-23.614824,7706.100000,39462.200000,5.541891,52.772416
527,4474799,4478472,4479351,0.880000,0.000609,3000,-23.371190,7710.850000,39509.600000,5.971849,57.713881
528,4479351,4483295,4484088,0.800000,0.000646,3298,-24.875171,7715.670000,39557.600000,5.033315,72.551741
529,4484088,4488233,4488836,0.600000,0.000659,3469,-25.403885,7720.610000,39606.800000,5.344164,95.775892
530,4488836,4493289,4493919,0.630000,0.000700,3461,-27.055756,7725.670000,39657.200000,5.174635,102.168363
531,4493919,4498504,4499280,0.780000,0.000713,3647,-27.628015,7730.880000,39709.100000,5.200986,103.466515
532,4499280,4503724,4504499,0.780000,0.000697,3731,-27.008919,7736.100000,39761.300000,4.744961,95.568088
533,4504499,4508761,4509565,0.800000,0.000681,3610,-26.429385,7741.140000,39811.600000,5.674043,94.945203
534,4509565,4513917,4514649,0.730000,0.000698,3471,-27.133384,7746.300000,39862.800000,4.895863,105.243605
535,4514649,4519117,4519947,0.830000,0.000710,3640,-27.651375,7751.500000,39914.900000,5.643636,84.834691
536,4519947,4523987,4524728,0.740000,0.000683,3162,-26.595127,7756.370000,39963.600000,6.253344,84.363769
537,4524728,4528849,4529691,0.840000,0.000683,3444,-26.625541,7761.230000,40012.200000,5.692952,79.461621
538,4529691,4533933,4534799,0.870000,0.000679,3413,-26.518341,7766.310000,40062.800000,5.797984,61.254498
539,4534799,4538657,4539518,0.860000,0.000630,3073,-24.584703,7771.040000,40110.200000,5.615275,56.632827
540,4539518,4543434,4544223,0.790000,0.000663,3153,-25.928891,7775.810000,40157.800000,5.379245,53.716352
541,4544223,4548130,4548981,0.850000,0.000636,3074,-24.858172,7780.510000,40204.400000,5.863301,55.648017
542,4548981,4552899,4553856,0.950000,0.000620,3371,-24.267042,7785.280000,40252.200000,5.638482,50.890511
543,4553856,4557817,4558671,0.850000,0.000599,3032,-23.463873,7790.200000,40301.400000,5.324931,48.362810
544,4558671,4562347,4563305,0.950000,0.000596,3165,-23.346414,7794.730000,40346.500000,6.086904,45.148668
545,4563305,4566897,4567844,0.940000,0.000624,2884,-24.512557,7799.280000,40392.100000,5.488818,51.517111
546,4567844,4571670,4572409,0.740000,0.000635,3130,-24.967729,7804.050000,40439.600000,5.827944,66.779305
547,4572409,4576383,4577236,0.850000,0.000641,3427,-25.263537,7808.760000,40486.700000,5.316221,74.692620
548,4577236,4581191,4582031,0.840000,0.000681,3267,-26.901372,7813.570000,40534.700000,5.162004,84.481473
549,4582031,4586236,4587082,0.850000,0.000745,3091,-29.532722,7818.610000,40584.900000,5.500043,80.329090
550,4587082,4591269,4591901,0.630000,0.000702,3393,-27.812925,7823.650000,40635.300000,5.324569,110.894484
551,4591901,4596598,4597273,0.670000,0.000753,3738,-29.925365,7828.980000,40688.200000,4.876929,86.727553
552,4597273,4601550,4602326,0.770000,0.000697,3511,-27.703583,7833.930000,40737.900000,5.323969,77.198443
553,4602326,4606508,4607262,0.750000,0.000683,3243,-27.160303,7838.890000,40787.400000,5.473912,92.302709
554,4607262,4611770,4612522,0.750000,0.000703,3690,-28.005777,7844.150000,40839.800000,5.030890,88.675734
555,4612522,4617001,4617713,0.710000,0.000687,3716,-27.404475,7849.380000,40892.100000,5.285003,91.039152
556,4617713,4621933,4622685,0.750000,0.000710,3293,-28.374992,7854.310000,40941.300000,6.152853,79.472434
557,4622685,4626651,4627593,0.940000,0.000692,3175,-27.675449,7859.030000,40988.600000,5.408154,67.694514
558,4627593,4631634,4632296,0.660000,0.000662,3127,-26.488507,7864.010000,41038.200000,6.060447,82.788228
559,4632296,4636384,4637343,0.960000,0.000678,3274,-27.163012,7868.760000,41085.500000,5.210284,51.271896
560,4637343,4640868,4641681,0.810000,0.000625,3014,-25.028608,7873.250000,41130.500000,5.526759,45.660517
561,4641681,4645226,4646162,0.940000,0.000573,3312,-22.905623,7877.600000,41173.900000,5.684608,46.586411
562,4646162,4649769,4650702,0.930000,0.000587,3233,-23.500610,7882.150000,41219.100000,6.246778,58.667946
563,4650702,4654489,4655120,0.630000,0.000635,3366,-25.529978,7886.870000,41266.200000,5.181018,84.715354
564,4655120,4659394,4660104,0.710000,0.000685,3497,-27.605801,7891.770000,41315.100000,5.835012,78.753253
565,4660104,4664231,4664878,0.650000,0.000695,3416,-28.041886,7896.610000,41363.300000,5.007443,86.989351
566,4664878,4669257,4669902,0.640000,0.000688,3690,-27.806103,7901.640000,41413.600000,4.995464,99.136919
567,4669902,4674464,4675103,0.640000,0.000725,3721,-29.347032,7906.840000,41465.600000,5.511802,98.127859
568,4675103,4679613,4680373,0.760000,0.000703,3652,-28.482654,7911.990000,41516.800000,4.985165,85.808517
569,4680373,4684431,4685175,0.740000,0.000714,3178,-28.985179,7916.810000,41565.000000,4.855888,79.733229
570,4685175,4689366,4690194,0.830000,0.000720,3427,-29.257432,7921.740000,41614.300000,5.332935,73.199169
571,4690194,4694206,4694927,0.730000,0.000711,3045,-28.926189,7926.580000,41662.600000,5.305634,92.061041
572,4694927,4699273,4700078,0.810000,0.000710,3580,-28.917600,7931.650000,41713.300000,4.958300,73.626800
573,4700078,4704112,4705428,1.320000,0.000692,3415,-28.200942,7936.490000,41761.600000,8.056048,155.100702
574,4705428,4710439,4711284,0.840000,0.001524,685,-63.018475,7942.820000,41824.800000,5.021323,63.132730
575,4711284,4714974,4715794,0.820000,0.000704,3179,-28.793846,7947.350000,41870.100000,4.425932,76.742169
576,4715794,4719662,4720374,0.710000,0.000728,3468,-29.830005,7952.040000,41917.000000,5.551731,89.684990
577,4720374,4724619,4725361,0.740000,0.000720,3897,-29.509079,7957.000000,41966.300000,5.542041,92.792829
578,4725361,4729739,4730394,0.650000,0.000700,3858,-28.711332,7962.120000,42017.500000,5.970405,89.005853
579,4730394,4734589,4735378,0.790000,0.000694,3869,-28.483614,7966.970000,42066.000000,5.297710,101.590982
580,4735378,4739877,4740568,0.690000,0.000701,4147,-28.836071,7972.260000,42118.700000,5.107751,107.930627
581,4740568,4745163,4745861,0.700000,0.000734,3975,-30.260098,7977.540000,42171.400000,5.459249,83.539737
582,4745861,4750154,4750852,0.700000,0.000700,3658,-28.872402,7982.530000,42221.300000,6.128405,77.887191
583,4750852,4755121,4755897,0.780000,0.000708,3639,-29.226771,7987.500000,42270.900000,5.015764,64.613811
584,4755897,4759859,4760898,1.040000,0.000675,3397,-27.884839,7992.240000,42318.200000,4.168650,54.385735
585,4760898,4764786,4765498,0.720000,0.000669,3361,-27.663048,7997.160000,42367.500000,4.673495,85.571033
586,4765498,4769842,4770595,0.750000,0.000726,3573,-30.097248,8002.220000,42417.900000,5.062346,78.027656
587,4770595,4774804,4775612,0.810000,0.000697,3499,-28.896955,8007.180000,42467.300000,4.960065,85.681578
588,4775612,4779927,4780680,0.750000,0.000736,3477,-30.581681,8012.310000,42518.500000,5.558668,94.127747
589,4780680,4784959,4785751,0.790000,0.000744,3415,-30.971480,8017.340000,42568.700000,5.327754,78.803375
590,4785751,4790053,4790800,0.750000,0.000697,3531,-29.010002,8022.430000,42619.500000,5.832507,63.027930
591,4790800,4794643,4795364,0.720000,0.000667,3258,-27.766616,8027.020000,42665.500000,5.018078,70.526492
592,4795364,4799467,4800262,0.790000,0.000689,3458,-28.751797,8031.850000,42713.500000,5.000994,65.424952
593,4800262,4804335,4805111,0.780000,0.000655,3414,-27.303953,8036.710000,42762.200000,5.665024,76.851232
594,4805111,4809362,4810043,0.680000,0.000677,3735,-28.301152,8041.740000,42812.500000,5.278298,90.922325
595,4810043,4814554,4815392,0.840000,0.000725,3735,-30.383059,8046.930000,42864.200000,5.666785,88.278257
596,4815392,4819671,4820373,0.700000,0.000733,3366,-30.759125,8052.050000,42915.400000,4.967448,86.455037
597,4820373,4824638,4825390,0.750000,0.000721,3231,-30.289993,8057.020000,42964.800000,5.145766,76.087077
598,4825390,4829418,4830254,0.830000,0.000721,3209,-30.317952,8061.800000,43012.500000,5.185740,68.949239
599,4830254,4834235,4835069,0.840000,0.000700,3319,-29.454058,8066.610000,43060.600000,4.821221,59.842176
600,4835069,4839012,4839872,0.860000,0.000646,3333,-27.137588,8071.390000,43108.300000,5.711521,45.218223
601,4839872,4843477,4844472,0.990000,0.000613,3069,-25.748762,8075.860000,43153.000000,5.452555,42.862254
602,4844472,4847960,4848993,1.030000,0.000594,3028,-24.975387,8080.340000,43197.500000,5.538520,40.465918
603,4848993,4852331,4853327,1.000000,0.000612,3047,-25.783452,8084.710000,43241.400000,5.245277,59.784139
604,4853327,4857058,4858038,0.980000,0.000673,3289,-28.421349,8089.440000,43288.600000,5.227047,54.276518
605,4858038,4861900,4862665,0.760000,0.000627,3431,-26.474946,8094.280000,43336.900000,5.747075,69.505270
606,4862665,4866689,4867602,0.910000,0.000678,3275,-28.736060,8099.070000,43384.600000,5.442078,72.825327
607,4867602,4871644,4872342,0.700000,0.000654,3449,-27.719185,8104.020000,43434.100000,5.370390,83.897497
608,4872342,4876656,4877401,0.750000,0.000668,3636,-28.340735,8109.030000,43484.100000,5.031073,95.021383
609,4877401,4881676,4882559,0.890000,0.000736,2372,-31.333804,8114.050000,43534.300000,5.273535,77.881305
610,4882559,4886316,4887399,1.090000,0.000704,3224,-30.001418,8118.690000,43580.600000,4.824463,81.150230
611,4887399,4891637,4892491,0.850000,0.000705,3373,-30.079232,8124.020000,43633.800000,4.373178,68.257955
612,4892491,4896520,4897378,0.860000,0.000676,3294,-28.852915,8128.900000,43682.600000,5.709506,66.137995
613,4897378,4901331,4902236,0.900000,0.000657,3378,-28.016599,8133.710000,43730.500000,5.307301,62.608017
614,4902236,4906117,4907002,0.880000,0.000662,3337,-28.282410,8138.500000,43778.200000,4.812666,72.728673
615,4907002,4911059,4911788,0.730000,0.000666,3416,-28.509849,8143.440000,43827.600000,5.383648,92.307381
616,4911788,4916208,4916820,0.610000,0.000704,3793,-30.176437,8148.590000,43878.700000,5.493710,100.711014
617,4916820,4921251,4922036,0.780000,0.000718,3825,-30.866974,8153.630000,43929.200000,5.451693,92.451647
618,4922036,4926355,4927150,0.800000,0.000685,3545,-29.442737,8158.730000,43980.100000,5.429198,87.683602
619,4927150,4931440,4932319,0.880000,0.000714,3569,-30.729451,8163.820000,44030.800000,4.560949,66.367818
620,4932319,4936096,4936987,0.900000,0.000675,3148,-29.078438,8168.470000,44077.500000,4.830438,62.561807
621,4936987,4940843,4941700,0.860000,0.000677,3159,-29.187820,8173.220000,44124.800000,5.863304,69.690551
622,4941700,4945771,4946606,0.830000,0.000679,3151,-29.294887,8178.150000,44174.100000,5.921168,55.282854
623,4946606,4950394,4951365,0.970000,0.000644,3226,-27.782969,8182.770000,44220.200000,5.493210,40.728193
624,4951365,4954618,4955587,0.970000,0.000614,2684,-26.468799,8187.000000,44262.500000,5.561477,40.875610
625,4955587,4959162,4959927,0.770000,0.000607,3138,-26.202017,8191.540000,44307.700000,5.958374,49.641508
626,4959927,4963669,4964560,0.890000,0.000615,3393,-26.585497,8196.050000,44352.900000,5.589025,50.073215
627,4964560,4968290,4969087,0.800000,0.000643,3162,-27.854815,8200.670000,44398.800000,5.431575,61.604838
628,4969087,4973019,4973782,0.760000,0.000650,3549,-28.175829,8205.400000,44445.800000,5.975869,77.369543
629,4973782,4978052,4978649,0.600000,0.000664,3556,-28.871883,8210.430000,44495.900000,6.518703,93.748767
630,4978649,4982844,4983564,0.720000,0.000688,3680,-29.940985,8215.220000,44544.100000,5.547339,97.440508
631,4983564,4987911,4988605,0.690000,0.000741,3587,-32.329265,8220.290000,44594.500000,4.750504,99.155899
632,4988605,4993081,4993681,0.600000,0.000730,3698,-31.891117,8225.460000,44646.100000,5.739960,103.950726
633,4993681,4998249,4998925,0.670000,0.000744,3850,-32.546453,8230.630000,44697.800000,4.803883,86.390288
634,4998925,5003151,5003954,0.800000,0.000710,3375,-31.059390,8235.530000,44746.700000,5.759673,79.974735
635,5003954,5007897,5008761,0.860000,0.000733,3004,-32.152162,8240.280000,44794.200000,5.160385,73.142185
636,5008761,5012969,5013646,0.670000,0.000674,3500,-29.534576,8245.350000,44844.700000,5.397744,73.802046
637,5013646,5017716,5018478,0.770000,0.000711,3328,-31.205636,8250.090000,44891.900000,4.648292,72.133898
638,5018478,5022363,5023176,0.810000,0.000689,3394,-30.250783,8254.740000,44938.500000,4.604263,77.488451
639,5023176,5027335,5028093,0.760000,0.000715,3539,-31.462767,8259.710000,44988.200000,5.405023,65.953244
640,5028093,5032157,5033112,0.950000,0.000692,3279,-30.485208,8264.540000,45036.400000,5.276404,47.531197
641,5033112,5036541,5037548,1.010000,0.000648,2762,-28.532027,8268.920000,45080.200000,5.228491,37.817398
642,5037548,5041010,5041872,0.860000,0.000618,2963,-27.207057,8273.390000,45124.700000,5.566195,53.990786
643,5041872,5045463,5046367,0.910000,0.000689,3039,-30.409144,8277.840000,45169.200000,5.006715,57.256024
644,5046367,5050243,5051078,0.840000,0.000664,3283,-29.309879,8282.620000,45217.000000,5.366491,60.230317
645,5051078,5054896,5055707,0.820000,0.000687,2975,-30.384280,8287.270000,45263.200000,5.078030,57.664940
646,5055707,5059514,5060272,0.760000,0.000649,3195,-28.722127,8291.890000,45309.500000,5.478888,64.030626
647,5060272,5064068,5064873,0.800000,0.000649,3402,-28.766249,8296.450000,45354.900000,5.111171,77.363470
648,5064873,5068945,5069694,0.750000,0.000692,3552,-30.737604,8301.320000,45403.400000,5.996834,81.085142
649,5069694,5073863,5074593,0.730000,0.000714,3527,-31.760412,8306.240000,45452.500000,3.835816,95.389936
650,5074593,5079003,5079762,0.760000,0.000725,3745,-32.294756,8311.380000,45503.400000,4.796822,93.271760
651,5079762,5084106,5084793,0.690000,0.000728,3563,-32.466781,8316.480000,45554.500000,4.672127,86.244230
652,5084793,5088895,5089620,0.730000,0.000729,3542,-32.544691,8321.270000,45602.100000,5.451039,83.498098
653,5089620,5093667,5094301,0.630000,0.000725,2962,-32.391203,8326.050000,45650.000000,4.810994,79.244252
654,5094301,5098565,5099279,0.720000,0.000713,3549,-31.881441,8330.940000,45698.800000,4.578289,71.929127
655,5099279,5103186,5103965,0.780000,0.000692,3436,-30.965632,8335.560000,45745.200000,5.524667,77.429634
656,5103965,5108083,5108863,0.780000,0.000709,3534,-31.770999,8340.460000,45793.800000,4.970662,74.966189
657,5108863,5112938,5113678,0.740000,0.000713,3367,-31.982466,8345.320000,45842.400000,5.549878,75.217654
658,5113678,5117868,5118493,0.620000,0.000716,3530,-32.155977,8350.250000,45891.300000,5.571216,82.849387
659,5118493,5122950,5123626,0.670000,0.000729,3721,-32.788572,8355.330000,45942.300000,5.472323,73.444140
660,5123626,5127508,5128345,0.830000,0.000708,3211,-31.875783,8359.890000,45987.700000,5.523772,72.215925
661,5128345,5132334,5133064,0.730000,0.000721,3206,-32.493102,8364.710000,46036.000000,5.171341,81.068148
662,5133064,5137241,5137940,0.700000,0.000689,3682,-31.074484,8369.620000,46084.900000,5.626008,84.459119
663,5137940,5142132,5142754,0.620000,0.000723,3415,-32.650902,8374.510000,46133.600000,5.340616,102.680289
664,5142754,5147213,5147874,0.660000,0.000748,3743,-33.852521,8379.590000,46184.300000,5.197223,98.216772
665,5147874,5152261,5153213,0.950000,0.000726,3667,-32.887827,8384.640000,46234.800000,5.498084,70.499877
666,5153213,5157127,5157989,0.860000,0.000697,3216,-31.544935,8389.510000,46283.300000,4.769390,59.515271
667,5157989,5161642,5162517,0.880000,0.000663,3055,-30.046041,8394.020000,46328.600000,5.561598,65.250882
668,5162517,5166374,5167193,0.820000,0.000715,3129,-32.486100,8398.750000,46375.700000,5.501657,73.277619
669,5167193,5171121,5171908,0.790000,0.000702,3032,-31.892312,8403.500000,46423.200000,5.556544,75.954848
670,5171908,5176032,5176863,0.830000,0.000722,3366,-32.870823,8408.410000,46472.000000,5.073884,63.349817
671,5176863,5180501,5181358,0.860000,0.000674,3143,-30.645651,8412.880000,46516.700000,5.743149,59.798369
672,5181358,5185186,5186094,0.910000,0.000692,3430,-31.510978,8417.560000,46563.500000,6.004415,46.774315
673,5186094,5189596,5190461,0.870000,0.000617,3169,-28.070523,8421.970000,46607.600000,5.580347,53.612396
674,5190461,5194245,5195010,0.770000,0.000680,3242,-31.031024,8426.620000,46653.900000,5.941125,71.829793
675,5195010,5198894,5199742,0.850000,0.000735,3127,-33.632321,8431.270000,46700.300000,6.096303,66.620823
676,5199742,5203643,5204373,0.730000,0.000705,3359,-32.274288,8436.020000,46747.800000,5.600342,77.294373
677,5204373,5208220,5208999,0.780000,0.000730,3383,-33.447891,8440.600000,46793.300000,5.068918,88.044219
678,5208999,5213231,5213905,0.670000,0.000741,3589,-34.003422,8445.610000,46843.400000,5.195206,84.862330
679,5213905,5217920,5218683,0.760000,0.000739,3338,-33.968602,8450.300000,46890.200000,5.316975,65.662963
680,5218683,5222547,5223469,0.920000,0.000686,3170,-31.520943,8454.930000,46936.400000,5.841262,72.992968
681,5223469,5227277,5228360,1.080000,0.000723,3115,-33.291086,8459.660000,46983.800000,5.333878,43.936983
682,5228360,5231857,5232678,0.820000,0.000670,2754,-30.827373,8464.240000,47029.500000,5.729851,62.724491
683,5232678,5236623,5237369,0.750000,0.000722,3330,-33.297251,8469.000000,47076.900000,4.726726,73.750161
684,5237369,5241247,5242116,0.860000,0.000691,3261,-31.887883,8473.630000,47123.200000,5.760485,71.810332
685,5242116,5246068,5246879,0.810000,0.000714,3364,-32.978769,8478.450000,47171.300000,4.295784,77.223025
686,5246879,5251016,5251749,0.740000,0.000733,3414,-33.922568,8483.390000,47220.600000,5.058848,74.398810
687,5251749,5255552,5256362,0.810000,0.000717,2845,-33.214220,8487.930000,47265.900000,5.354849,63.044250
688,5256362,5260078,5260854,0.770000,0.000684,3194,-31.686076,8492.460000,47311.300000,5.270346,59.673608
689,5260854,5264649,5265485,0.830000,0.000676,3159,-31.322081,8497.030000,47357.100000,5.046412,55.298219
690,5265485,5269010,5270037,1.030000,0.000680,3129,-31.534111,8501.390000,47400.500000,5.782179,44.954797
691,5270037,5273428,5274353,0.920000,0.000663,2841,-30.769307,8505.810000,47444.600000,5.707532,59.341780
692,5274353,5278038,5278999,0.960000,0.000694,3157,-32.253915,8510.420000,47490.600000,5.243748,62.024350
693,5278999,5282655,5283537,0.890000,0.000679,3214,-31.600230,8515.030000,47536.700000,5.053786,61.606675
694,5283537,5287226,5288058,0.840000,0.000662,3244,-30.797542,8519.600000,47582.100000,5.441913,61.111573
695,5288058,5291821,5292683,0.860000,0.000696,3154,-32.456483,8524.200000,47628.000000,5.484605,63.094878
696,5292683,5296510,5297359,0.850000,0.000704,3246,-32.862677,8528.890000,47674.900000,5.521159,55.471640
697,5297359,5301041,5301852,0.810000,0.000685,2853,-31.973177,8533.420000,47720.200000,6.236734,55.064912
698,5301852,5305521,5306482,0.960000,0.000716,3025,-33.490055,8537.900000,47764.900000,5.457078,52.240374
699,5306482,5310109,5311004,0.890000,0.000677,3046,-31.664885,8542.490000,47810.500000,4.484644,57.008152
700,5311004,5314488,5315290,0.800000,0.000663,3113,-31.041597,8546.870000,47854.300000,5.395711,86.171702
701,5315290,5319508,5320184,0.670000,0.000759,3337,-35.645797,8551.890000,47904.300000,4.803255,94.549152
702,5320184,5324275,5324979,0.710000,0.000745,3393,-35.030857,8556.650000,47951.700000,4.971792,86.647524
703,5324979,5329155,5329884,0.730000,0.000732,3546,-34.437582,8561.530000,48000.300000,5.744156,75.949654
704,5329884,5333818,5334693,0.870000,0.000689,3265,-32.429089,8566.200000,48047.000000,5.020833,66.326699
705,5334693,5338407,5339160,0.750000,0.000695,2949,-32.711810,8570.790000,48092.700000,4.850753,64.078792
706,5339160,5342894,5343681,0.790000,0.000673,3162,-31.691594,8575.270000,48137.700000,5.971330,63.410718
707,5343681,5347471,5348425,0.950000,0.000694,3336,-32.729935,8579.850000,48183.400000,4.597819,58.529362
708,5348425,5352238,5353008,0.770000,0.000676,3201,-31.922927,8584.620000,48230.800000,5.288404,70.452013
709,5353008,5356946,5357689,0.750000,0.000706,3414,-33.391414,8589.320000,48277.800000,5.317421,66.932293
710,5357689,5361612,5362489,0.880000,0.000668,3529,-31.580295,8593.990000,48324.500000,5.095287,56.118373
711,5362489,5365932,5366740,0.810000,0.000670,3030,-31.692273,8598.310000,48367.700000,5.471971,77.187651
712,5366740,5370773,5371508,0.740000,0.000704,3396,-33.380155,8603.150000,48416.100000,5.487793,73.329797
713,5371508,5375368,5376210,0.840000,0.000695,3410,-32.973654,8607.750000,48462.000000,5.563325,62.336409
714,5376210,5379785,5380616,0.830000,0.000676,3025,-32.094792,8612.160000,48506.000000,5.102544,70.208106
715,5380616,5384463,5385141,0.680000,0.000692,3353,-32.905289,8616.840000,48552.600000,5.431135,98.020209
716,5385141,5389497,5390190,0.690000,0.000759,3513,-36.203080,8621.880000,48602.800000,4.924976,92.614186
717,5390190,5394300,5395089,0.790000,0.000766,3441,-36.553468,8626.680000,48650.800000,5.071352,91.583417
718,5395089,5399178,5399961,0.780000,0.000749,3188,-35.782445,8631.560000,48699.200000,5.533607,70.062318
719,5399961,5403553,5404537,0.990000,0.000691,2965,-32.987160,8635.930000,48743.000000,5.028772,66.456847
720,5404537,5408248,5409025,0.770000,0.000699,3082,-33.392164,8640.630000,48790.000000,4.705725,60.171968
721,5409025,5412772,5413720,0.950000,0.000716,3229,-34.268165,8645.150000,48835.200000,4.857792,63.483143
722,5413720,5417348,5418116,0.760000,0.000719,2818,-34.454777,8649.730000,48881.000000,5.425264,65.239349
723,5418116,5422072,5422951,0.880000,0.000707,3242,-33.885988,8654.450000,48927.700000,4.917523,59.726501
724,5422951,5426647,5427554,0.900000,0.000690,3338,-33.113506,8659.030000,48973.200000,5.565986,68.177908
725,5427554,5431346,5432210,0.870000,0.000677,3263,-32.490749,8663.720000,49020.100000,5.953251,74.575583
726,5432210,5436243,5437059,0.820000,0.000721,3329,-34.665175,8668.620000,49068.900000,5.258648,75.739065
727,5437059,5441064,5441701,0.640000,0.000724,3211,-34.853556,8673.440000,49116.900000,5.766767,77.909939
728,5441701,5445748,5446489,0.740000,0.000732,3421,-35.305386,8678.130000,49163.600000,5.397462,80.628952
729,5446489,5450323,5451087,0.770000,0.000746,3152,-36.009427,8682.700000,49209.400000,4.776045,73.349777
730,5451087,5455007,5455679,0.670000,0.000732,3336,-35.348590,8687.390000,49256.200000,5.506596,83.239126
731,5455679,5459906,5460649,0.750000,0.000713,3724,-34.483032,8692.280000,49305.100000,5.800264,82.516114
732,5460649,5464657,5465483,0.820000,0.000734,3378,-35.540023,8697.040000,49352.600000,5.225487,56.512199
733,5465483,5469022,5470018,1.000000,0.000669,2913,-32.376629,8701.400000,49396.300000,6.128405,36.734801
734,5470018,5473351,5474220,0.870000,0.000610,2868,-29.491719,8705.730000,49439.400000,5.805535,47.631948
735,5474220,5477760,5478592,0.830000,0.000653,3051,-31.645566,8710.140000,49483.500000,5.319656,57.790202
736,5478592,5482364,5483107,0.750000,0.000671,3325,-32.554419,8714.740000,49529.400000,5.885468,86.865214
737,5483107,5487193,5487956,0.760000,0.000731,3463,-35.539433,8719.570000,49577.500000,5.144487,93.207245
738,5487956,5492047,5492856,0.800000,0.000762,3379,-37.127902,8724.430000,49625.900000,5.304238,82.014480
739,5492856,5496652,5497489,0.840000,0.000757,3146,-36.915955,8729.030000,49672.000000,4.401448,73.469045
