RowNumber Stress
1113849.5876 6.1506
1121105.8380 6.1435
1126261.5949 6.1424
1131608.3057 6.1435
1137145.9705 6.1402
1142492.6814 6.1419
1148603.2081 6.1408
1153949.9189 6.1348
1160060.4456 6.1310
1165775.9545 6.1382
1171492.7191 6.1318
1176873.2034 6.1318
1182646.0147 6.1189
1188362.7793 6.1156
1194583.9643 6.1199
1201365.6164 6.1210
1207867.0350 6.1259
1214704.7338 6.1216
1221038.0122 6.1167
1227651.5242 6.1189
1234713.4099 6.1156
1241775.2955 6.1135
1248500.9010 6.1119
1255506.7399 6.1049
1263073.0460 6.1151
1270919.5856 6.1194
1277861.2566 6.1065
1285298.0578 6.1038
1293014.4381 6.1054
1299995.7453 6.0963
1307814.8093 6.0974
1315187.0697 6.1011
1323099.3101 6.1033
1331493.3780 6.1082
1339665.0865 6.1022
1347725.6152 6.1049
1355397.0150 6.0990
1363559.1743 6.1055
1371665.8086 6.1044
1380438.7417 6.1028
1388323.2764 6.0952
1396207.8112 6.0848
1404703.1198 6.0952
1413253.9533 6.0859
1420694.2889 6.0854
1429189.5975 6.0919
1436787.6186 6.0952
1444699.8752 6.0941
1453165.4365 6.0941
1461344.7761 6.1001
1469745.1789 6.1100
1477290.0824 6.0967
1570750.4491 6.0783
1578297.3803 6.0576
1586712.5425 6.0704
1593925.5387 6.0675
1601071.7478 6.0675
1609219.7620 6.0616
1616633.1192 6.0616
1624847.9204 6.0517
1632795.5736 6.0488
1640409.2918 6.0665
1648223.3710 6.0744
1655102.4321 6.0645
1662649.3633 6.0636
1670062.7205 6.0596
1678143.9477 6.0507
1685356.9439 6.0576
1692503.1530 6.0488
1699782.9362 6.0448
1706261.2754 6.0379
1714342.5025 6.0320
1723291.9608 6.0606
1730296.4012 6.0517
1737692.4424 6.0477
1745488.2696 6.0287
1753617.2519 6.0467
1761279.8171 6.0616
1768467.5561 6.0447
1776976.4030 6.0576
1784925.5144 6.0526
1792789.9706 6.0385
1800456.1632 6.0334
1809367.5995 6.0486
1817081.8190 6.0425
1826104.1530 6.0577
1832755.6547 6.0456
1840968.4831 6.0304
1848974.8365 6.0385
1857561.7765 6.0334
1865726.7304 6.0223
1872389.3328 6.0163
1881730.0401 6.0303
1889354.5860 6.0323
1897370.1343 6.0213
1905506.4977 6.0163
1914358.8610 6.0213
1923146.1334 6.0303
1931663.0779 6.0363
1939789.9333 6.0303
1948176.8481 6.0293
1957083.8817 6.0283
1965145.7223 6.0253
1973597.6519 6.0283
1982699.7300 6.0253
1990436.4964 6.0233
1999213.5003 6.0142
2007080.2963 6.0202
2015782.1047 6.0162
2024398.8005 6.0192
2032691.5603 6.0182
2042020.9151 6.0223
2050831.9724 6.0253
2059059.9451 6.0202
2066769.6202 6.0263
2075386.3160 6.0192
2084262.1605 6.0355
2092286.3837 6.0162
2101345.9906 6.0284
2109758.4827 6.0100
2118623.9551 6.0080
2127026.6166 5.9957
2136118.9850 6.0070
2145071.9093 6.0317
2153702.7860 6.0214
2162526.8913 6.0369
2170771.3108 6.0235
2179917.4637 6.0245
2188934.7975 6.0307
2197436.8551 6.0183
2206196.5508 6.0142
2214753.0074 6.0183
2224678.2883 6.0214
2232298.3426 6.0287
2240613.0440 6.0099
2250462.7673 6.0130
2259672.8981 6.0172
2266772.3739 6.0016
2275918.5454 5.9974
2284872.8393 5.9901
2293059.6222 5.9943
2302653.5084 5.9995
2310840.2914 5.9922
2319848.0060 5.9881
2329153.3569 6.0037
2337630.1493 6.0006
2346489.3533 5.9902
2355603.4984 6.0121
2362295.7029 5.8898
2668953.4920 6.0176
2676480.8419 6.0054
2685712.4974 6.0013
2693736.9364 5.9917
2703394.6683 5.9999
2710779.9927 6.0054
2719897.8909 5.9903
2727743.5243 5.9862
2736790.7412 5.9848
2745968.5833 5.9944
2754007.4399 5.9985
2762469.3942 5.9999
2771354.4463 5.9972
2780027.9494 6.0068
2788278.3549 6.0054
2796881.3418 5.9917
2806471.5566 6.0040
2813170.6038 6.0054
2823042.8838 5.9985
2832280.5173 5.9944
2840822.9703 5.9930
2849153.6271 5.9821
2857978.4753 5.9972
2866450.3295 5.9958
2875204.5790 6.0109
2883394.0381 5.9766
2893207.2693 5.9738
2901608.5248 6.0233
2908880.1997 5.9903
2918058.0418 5.9889
2925894.5071 6.0082
2933801.5710 5.9958
2943321.2696 6.0095
2952347.3542 5.9944
2960668.2760 5.9917
2969341.7791 5.9972
2977521.6683 5.9917
2986688.7855 5.9972
2995915.6241 5.9889
3003945.0867 5.9903
3015792.8707 6.0570
3022943.6043 5.9917
3031145.9163 6.0084
3040259.5963 5.9806
3047901.0665 5.9792
3056944.6413 5.9820
3066058.3213 6.0070
3074891.5804 6.0042
3083163.9977 5.9875
3092337.0510 5.9931
3100319.7081 5.9833
3109702.8314 5.9945
3119564.5802 6.0001
3128167.3823 5.9987
3135860.9452 6.0056
3145512.8695 5.9749
3155514.5012 5.9805
3164327.1278 5.9861
3173875.5582 5.9847
3182099.7537 5.9749
3189626.9835 5.9889
3198478.4481 5.9777
3207120.8231 5.9861
3215205.6255 6.0058
3223917.6970 6.0100
3231793.4096 5.9974
3241063.0537 6.0044
3249147.8561 6.0100
3258278.1070 6.0044
3266223.5163 5.9945
3274656.8015 5.9959
3284495.5154 5.9704
3292171.1078 5.9916
3301521.3750 6.0072
3309755.1923 5.9931
3317640.1190 6.0058
3326990.3862 6.0157
3334805.5348 6.0030
3344504.6925 5.9902
3352668.7317 5.9860
3361460.7739 5.9776
3370252.8162 5.9762
3379603.0833 5.9902
3387776.6739 5.9874
3396998.1608 5.9888
3406079.9282 6.0100
3414104.4111 5.9902
3422128.8941 6.0186
3432153.4724 5.9958
3439184.6002 5.9958
3447747.2607 6.0101
3456717.1179 6.0130
3463948.6307 6.0015
3474170.0958 6.0130
3483557.1556 6.0015
3490858.2021 5.9871
3500431.4499 5.9972
3510004.6977 6.0174
3519022.9747 6.0174
3526445.7103 5.9884
3537185.7061 6.0130
3543768.2841 6.0029
3553249.9616 6.0145
3561328.5387 6.0058
3570363.2131 6.0146
3579180.6706 6.0293
3587653.6963 6.0249
3596392.0441 6.0101
3605130.3919 6.0204
3613180.6809 6.0249
3621919.0287 6.0160
3630313.3471 6.0190
3638835.3071 5.9967
3647288.5416 5.9982
3655673.0506 6.0012
3663507.7558 5.9834
3672029.7157 6.0027
3680160.3750 5.9982
3688222.7094 5.9967
3696470.7078 5.9967
3705945.6812 5.9982
3713989.1838 5.9878
3722646.1739 5.9878
3731848.4861 5.9878
3740232.8151 5.9983
3747662.8302 6.0177
3755297.3411 5.9923
3764704.1492 5.9983
3772815.8171 5.9953
3780245.8322 5.9744
3789107.3180 5.9878
3798718.6220 5.9863
3805875.9760 5.9714
3814192.1397 5.9833
3820940.5020 5.9908
3830892.6323 5.9923
3837300.1682 5.9878
3847184.1333 5.9878
3856454.6108 5.9968
3863816.4606 5.9923
3872667.5913 6.0043
3880565.5232 5.9832
3888735.7976 5.9817
3896565.6439 5.9802
3904404.8771 5.9817
3912699.4453 5.9741
3921636.6548 5.9833
3929580.8411 5.9710
3936476.9718 5.9756
3946591.2968 5.9726
3954981.5892 5.9862
3964176.4301 6.0136
3971762.1739 5.9922
3980267.4018 5.9831
3988437.3703 5.9754
3996377.1989 5.9831
4004834.8424 5.9785
4013167.6670 5.9815
4022017.7014 5.9785
4030647.9498 5.9739
4039105.5933 5.9800
4047448.1668 5.9800
4054521.7283 5.9846
4061837.5351 5.8303
4284271.0268 5.9623
4292061.2671 5.9850
4299933.5099 5.9650
4308543.7755 5.9610
4316006.0057 5.9570
4324780.2764 5.9476
4334046.5622 5.9503
4341590.7949 5.9342
4350201.0605 5.9209
4359221.3388 5.9690
4367503.5942 5.9596
4374965.8244 5.9596
4384068.1052 5.9556
4392432.3632 5.9596
4400960.6263 5.9650
4408094.8464 5.9770
4417771.1448 5.9864
4424823.3624 5.9743
4433187.6204 5.9850
4439747.8228 5.9662
4448850.1035 5.9810
4457122.6806 5.9715
4464649.2917 5.9742
4472748.5797 5.9674
4480684.2457 5.9688
4489028.9666 5.9865
4495647.9130 5.9783
4504228.0288 5.9769
4511900.2991 5.9769
4520378.8491 5.9606
4529173.2082 5.9879
4536827.5579 5.9851
4544735.4362 5.9701
4552969.4126 5.9592
4561529.4870 5.9961
4569111.2673 5.9879
4576684.1877 5.9673
4583768.5326 5.9728
4591820.6080 5.9838
4601011.3608 5.9947
4609440.4874 5.9906
4617464.3676 6.0044
4624993.1437 6.0002
4632521.9199 5.9989
4640446.1981 5.9836
4648118.9197 5.9655
4656266.7018 5.9543
4664091.7995 5.9529
4672632.9446 5.9557
4681244.5914 5.9543
4689131.8940 5.9431
4697019.1967 5.9487
4705218.8370 5.9501
4713498.8660 5.9947
4722100.4495 5.9794
4730541.2557 5.9752
4738499.7301 5.9808
4747020.9250 5.9822
4754014.7358 5.9682
4762375.1534 5.9655
4770414.0165 5.9627
4778694.0454 5.9794
4787054.4630 5.9585
4794852.1602 5.9668
4803042.2186 5.9710
4809786.9726 5.9641
4817334.6736 5.9613
4825123.2586 5.9655
4833634.4958 5.9571
4842205.9598 5.9823
4849255.3881 5.9655
4858708.0306 5.9963
4865517.1375 5.9851
4873447.7444 5.9739
4882579.9584 5.9795
4890270.2438 5.9739
4898441.1721 5.9893
4906692.2075 5.9921
4913260.9930 5.9851
4922313.0999 5.9935
4930145.2626 5.9879
4937817.5852 5.9822
4944897.2783 5.9623
4953557.7813 5.9823
4962208.1639 5.9752
4969747.4882 5.9723
4977040.1965 5.9623
4985918.2762 5.9723
4992814.6417 5.9694
5000979.3043 5.9909
5007954.9384 5.9837
5016436.6752 5.9895
5024987.6765 5.9750
5032561.9511 5.9563
5040039.8195 5.9520
5047952.8781 5.9592
5056910.2754 5.9475
5064758.8317 5.9446
5072529.6794 5.9372
5080825.0649 5.9416
5088577.7617 5.9549
5096949.5239 5.9490
5104630.0397 5.9535
5112694.5813 5.9758
5120406.6832 5.9625
5128195.1425 5.9714
5136059.9592 5.9818
5143161.2015 5.9877
5150873.3033 5.9638
5158814.4775 5.9803
5165822.9538 5.9593
5173059.9673 5.9683
5181505.9650 5.9593
5189038.8819 5.9653
5197627.0121 5.9832
5204999.1239 5.9652
5213329.9767 5.9591
5221660.8295 5.9697
5228847.2492 5.9758
5238227.4181 5.9835
5245178.7656 5.9819
5253009.2947 5.9835
5260830.6733 5.9835
5268426.4352 5.9804
5276614.2623 5.9788
5283299.7359 5.9975
5291018.7847 5.9756
5298869.3379 5.9787
5306368.0302 5.9678
5313552.9229 5.9804
5321774.8105 5.9756
5328869.0228 5.9756
5337283.5555 5.9868
5345172.1772 5.9852
5352102.3682 5.9788
5360507.0679 5.9852
5368607.3889 5.9755
5375529.4815 5.9659
5383693.8900 5.9691
5391114.0850 5.9658
5399489.3547 5.9917
5406240.4458 5.9868
5414513.1784 6.0095
5421541.3406 5.9803
5429301.6031 5.9819
5438661.5355 6.0030
5444577.6961 5.9802
5451182.3734 5.9988
5459137.5301 5.9769
5467147.9911 5.9879
5474744.1568 5.9863
5482974.4364 5.9816
5490497.4264 5.9784
5497553.8022 5.9832
5506513.6670 6.0022
5513745.5578 5.9959
5521288.6189 5.9879
5529078.2635 5.9863
5536858.8054 6.0023
5544766.8971 6.0039
5552356.1142 5.9927
5560136.6561 5.9879
5566888.8993 5.9717
5574633.1364 5.9798
5582313.8961 5.9669
5589677.2691 5.9750
5597484.9835 5.9766
5605292.6980 5.9847
5613408.3044 5.9943
5620572.8632 5.9733
5628425.6697 5.9863
5636025.1598 6.0008
5642928.0299 5.9782
5651160.8109 5.9830
5659554.0857 5.9847
5666739.9143 5.9830
5674366.9780 5.9781
5679724.8327 5.8119