Event,StartRow,FailRow,EndRow,SlipDuration,Stiffness,NptsStiffness,StiffnessIntercept,FailTime,FailDisplacement,50_Mean_Velocity,Peak_Velocity
0,1131555,1134460,1136853,2.390000,0.000022,2242,0.461551,3771.970000,10504.000000,9.436363,10.376850
1,1136853,1140205,1143396,3.190000,0.000019,3352,0.494264,3777.710000,10561.300000,9.335533,10.666888
2,1143396,1146116,1151175,5.060000,0.000025,2720,0.430170,3783.620000,10620.200000,9.414636,10.701751
3,1151175,1153119,1155882,2.770000,0.000065,616,-0.003070,3790.620000,10690.300000,9.042948,10.685542
4,1155882,1158458,1161425,2.970000,0.000022,2576,0.453683,3795.960000,10743.700000,9.184899,10.440271
5,1161425,1165242,1168256,3.010000,0.000022,3814,0.456310,3802.750000,10811.100000,9.298306,10.357306
6,1168256,1171498,1174618,3.120000,0.000038,2611,0.281271,3809.000000,10873.600000,8.861824,10.590382
7,1174618,1177994,1180544,2.550000,0.000049,1755,0.152387,3815.500000,10938.500000,9.127692,10.276014
8,1180544,1183469,1186278,2.810000,0.000031,2925,0.353264,3820.970000,10993.300000,8.988302,10.643475
9,1186278,1189471,1192596,3.120000,0.000038,3193,0.270190,3826.980000,11053.100000,8.999651,10.269477
10,1192596,1195150,1198380,3.230000,0.000064,2554,-0.015389,3832.660000,11108.600000,8.936956,10.452039
11,1198380,1200847,1203650,2.810000,0.000068,2467,-0.066271,3838.350000,11164.700000,8.712959,10.531464
12,1203650,1207191,1210374,3.180000,0.000070,3541,-0.089094,3844.700000,11225.200000,8.255195,11.069799
13,1210374,1213525,1216010,2.490000,0.000095,2999,-0.377757,3851.030000,11285.800000,8.267179,12.118654
14,1216010,1219943,1222500,2.560000,0.000123,3633,-0.701117,3857.450000,11349.700000,8.442328,13.399184
15,1222500,1225841,1228120,2.280000,0.000183,2283,-1.397728,3863.350000,11408.600000,7.991938,14.566022
16,1228120,1232065,1234160,2.100000,0.000191,3339,-1.495394,3869.570000,11470.700000,7.662898,16.436257
17,1234160,1238351,1240225,1.870000,0.000232,3418,-1.978670,3875.860000,11533.400000,7.104104,20.453649
18,1240225,1245005,1246780,1.780000,0.000263,3589,-2.356442,3882.510000,11599.800000,7.295730,26.273211
19,1246780,1251840,1253715,1.870000,0.000306,3462,-2.875939,3889.350000,11668.000000,6.492735,29.256091
20,1253715,1258853,1260691,1.840000,0.000320,3186,-3.060788,3896.360000,11737.700000,6.330782,31.005952
21,1260691,1266139,1267680,1.550000,0.000319,3965,-3.066901,3903.640000,11809.500000,6.556198,36.795115
22,1267680,1273483,1274927,1.440000,0.000340,3624,-3.339057,3910.990000,11882.800000,6.462219,45.885742
23,1274927,1280901,1282437,1.530000,0.000361,3531,-3.620653,3918.410000,11956.900000,6.660071,48.187510
24,1282437,1288268,1290016,1.750000,0.000361,3623,-3.647509,3925.770000,12030.300000,6.283346,50.772056
25,1290016,1295815,1297593,1.780000,0.000369,3539,-3.769528,3933.320000,12105.700000,6.238316,52.937618
26,1297593,1303687,1305129,1.440000,0.000375,3545,-3.866229,3941.190000,12184.300000,6.533480,64.273895
27,1305129,1311502,1313090,1.590000,0.000386,3675,-4.035720,3949.010000,12262.400000,5.996266,61.795110
28,1313090,1319254,1320581,1.330000,0.000384,3250,-4.040537,3956.760000,12339.700000,6.109561,98.386138
29,1320581,1327804,1329162,1.360000,0.000442,3043,-4.785122,3965.310000,12424.800000,5.556359,115.944103
30,1329162,1336913,1338349,1.430000,0.000462,2499,-5.074595,3974.420000,12515.800000,5.615371,82.357494
31,1338349,1345068,1346310,1.250000,0.000416,3465,-4.531654,3982.570000,12597.100000,6.145016,120.489823
32,1346310,1353772,1355362,1.590000,0.000474,2836,-5.308346,3991.280000,12684.000000,5.479080,87.083768
33,1355362,1361933,1363177,1.240000,0.000438,2297,-4.883157,3999.440000,12765.500000,5.847326,159.771233
34,1363177,1371799,1373878,2.080000,0.000513,2909,-5.881789,4009.300000,12863.700000,5.271133,37.403923
35,1373878,1378917,1380057,1.140000,0.000332,3525,-3.595651,4016.420000,12935.300000,6.451333,122.359613
36,1380057,1387951,1389033,1.080000,0.000485,3112,-5.606618,4025.460000,13025.200000,5.816910,155.130203
37,1389033,1397147,1398555,1.410000,0.000481,3848,-5.601062,4034.650000,13116.900000,5.196363,131.854597
38,1398555,1406188,1407571,1.390000,0.000487,2932,-5.727859,4043.690000,13207.200000,5.567354,160.153888
39,1407571,1415710,1417032,1.320000,0.000488,3762,-5.788702,4053.220000,13302.100000,5.216013,134.299046
40,1417032,1424541,1425678,1.130000,0.000485,3298,-5.787998,4062.050000,13390.400000,5.231406,143.704888
41,1425678,1433381,1434334,0.950000,0.000500,2733,-6.025251,4070.890000,13478.600000,5.456071,168.072060
42,1434334,1442872,1443949,1.070000,0.000501,3624,-6.090764,4080.380000,13573.300000,4.899554,182.251506
43,1443949,1452688,1453890,1.210000,0.000506,4261,-6.202106,4090.190000,13671.200000,5.097349,140.529271
44,1453890,1461516,1462309,0.790000,0.000487,2434,-5.992892,4099.020000,13759.400000,5.825128,214.625231
45,1462309,1471628,1472939,1.310000,0.000534,3813,-6.682132,4109.130000,13859.900000,5.138933,137.810372
46,1472939,1480249,1481172,0.930000,0.000478,2809,-5.955495,4117.750000,13946.200000,5.920806,188.890531
47,1481172,1489960,1490899,0.930000,0.000543,2981,-6.916008,4127.470000,14042.900000,5.229884,180.740355
48,1490899,1619742,1628355,8.610000,0.000577,1316,-7.447529,4257.250000,14161.700000,nan,216.753184
49,1628355,1636844,1637641,0.800000,0.000521,4946,-6.759617,4274.350000,14331.900000,3.958655,181.729595
50,1637641,1645649,1646558,0.910000,0.000543,3629,-7.117778,4283.150000,14420.000000,6.260675,174.957328
51,1646558,1654249,1655174,0.930000,0.000515,4397,-6.760360,4291.750000,14505.800000,5.804129,164.907557
52,1655174,1662807,1663691,0.890000,0.000522,3950,-6.907853,4300.310000,14591.100000,5.545492,189.217876
53,1663691,1672030,1672844,0.810000,0.000590,2585,-7.954116,4309.540000,14683.200000,4.298329,170.299472
54,1672844,1680538,1681401,0.870000,0.000565,2334,-7.632705,4318.040000,14768.300000,5.362662,206.073306
55,1681401,1689929,1690781,0.860000,0.000544,4159,-7.379045,4327.430000,14861.800000,4.704896,256.680086
56,1690781,1699644,1700549,0.900000,0.000551,3964,-7.528620,4337.150000,14958.800000,4.648755,192.917718
57,1700549,1708963,1709868,0.900000,0.000528,4330,-7.244827,4346.470000,15051.700000,4.886154,171.851246
58,1709868,1717795,1718494,0.700000,0.000527,3897,-7.272502,4355.300000,15140.300000,6.572645,207.946893
59,1718494,1727011,1727872,0.860000,0.000542,4040,-7.549623,4364.520000,15232.000000,6.618521,200.131590
60,1727872,1736351,1737057,0.700000,0.000515,4981,-7.185724,4373.860000,15325.000000,5.845642,228.595912
61,1737057,1746032,1746741,0.710000,0.000564,3428,-7.981210,4383.540000,15421.500000,8.525604,233.166877
62,1746741,1755733,1756568,0.830000,0.000547,4562,-7.777369,4393.240000,15518.400000,4.234240,191.002423
63,1756568,1764850,1765498,0.640000,0.000518,4597,-7.376215,4402.360000,15609.300000,8.025923,223.421725
64,1765498,1774154,1774910,0.760000,0.000654,1439,-9.549245,4411.660000,15702.200000,5.356226,232.066824
65,1774910,1783764,1784487,0.720000,0.000580,2826,-8.444304,4421.270000,15798.100000,5.562796,230.359977
66,1784487,1793243,1793948,0.700000,0.000580,2764,-8.503586,4430.750000,15893.000000,5.333401,259.030669
67,1793948,1803109,1803709,0.600000,0.000577,3029,-8.519018,4440.610000,15991.200000,7.983403,264.608336
68,1803709,1813076,1813735,0.660000,0.000552,4383,-8.167766,4450.580000,16090.600000,8.080456,284.256892
69,1813735,1823024,1823828,0.800000,0.000549,4611,-8.182551,4460.530000,16190.000000,3.768259,271.596102
70,1823828,1832889,1833580,0.700000,0.000555,4208,-8.324751,4470.390000,16288.500000,6.427856,282.233599
71,1833580,1842966,1843687,0.720000,0.000521,5774,-7.832621,4480.470000,16389.000000,4.344209,240.746640
72,1843687,1852619,1853388,0.770000,0.000563,3568,-8.568951,4490.120000,16485.400000,6.190844,243.371497
73,1853388,1862294,1862936,0.640000,0.000565,3826,-8.665567,4499.800000,16582.000000,8.307511,276.964848
74,1862936,1872336,1873015,0.680000,0.000693,1354,-10.836699,4509.840000,16682.100000,5.146788,272.589243
75,1873015,1882133,1882961,0.830000,0.000551,4595,-8.533176,4519.640000,16780.100000,5.742490,260.214751
76,1882961,1892172,1892768,0.590000,0.000561,4076,-8.756179,4529.680000,16880.400000,8.583843,274.093779
77,1892768,1902025,1902720,0.700000,0.000549,4963,-8.609064,4539.530000,16978.600000,6.528071,275.314974
78,1902720,1911869,1912574,0.710000,0.000573,3852,-9.073192,4549.370000,17077.100000,5.976450,272.416524
79,1912574,1921527,1922334,0.810000,0.000528,5528,-8.362272,4559.030000,17173.300000,5.408366,239.524164
80,1922334,1931428,1932133,0.710000,0.000554,4352,-8.854518,4568.930000,17272.100000,5.236936,255.008196
81,1932133,1941517,1942260,0.750000,0.000539,5259,-8.652716,4579.020000,17373.000000,5.249633,226.288180
82,1942260,1951245,1951851,0.610000,0.000540,4598,-8.718841,4588.750000,17470.000000,4.975740,253.943243
83,1951851,1960931,1961556,0.620000,0.000542,4677,-8.810647,4598.440000,17566.800000,8.723957,255.558013
84,1961556,1971043,1971664,0.620000,0.000541,5224,-8.847922,4608.550000,17667.600000,7.490601,268.730065
85,1971664,1980773,1981502,0.730000,0.000569,4099,-9.404690,4618.280000,17764.600000,3.773739,217.041222
86,1981502,1990140,1990702,0.560000,0.000528,4805,-8.722683,4627.650000,17858.300000,7.124609,252.654029
87,1990702,1999983,2000579,0.590000,0.000541,5228,-9.012144,4637.490000,17956.500000,6.834076,311.667851
88,2000579,2011062,2011255,0.190000,0.000574,4713,-9.648013,4648.570000,18067.100000,8.790280,282.820312
89,2011255,2020533,2021123,0.590000,0.000558,4781,-9.427736,4658.040000,18161.700000,6.154279,305.816193
90,2021123,2030475,2031262,0.790000,0.000542,5345,-9.179405,4667.980000,18260.700000,7.986415,236.141427
91,2031262,2040467,2041203,0.740000,0.000536,5347,-9.134588,4677.970000,18360.600000,4.324163,240.857434
92,2041203,2050265,2051001,0.740000,0.000532,5378,-9.116846,4687.770000,18458.200000,3.487123,250.149502
93,2051001,2060321,2060839,0.510000,0.000559,4411,-9.657528,4697.830000,18558.600000,8.060137,278.099990
94,2060839,2070387,2071199,0.810000,0.000559,4660,-9.722700,4707.890000,18658.800000,6.593432,235.442338
95,2071199,2080229,2081022,0.800000,0.000561,4155,-9.807248,4717.730000,18757.300000,3.558252,218.210871
96,2081022,2089548,2090282,0.740000,0.000534,4799,-9.354781,4727.050000,18850.500000,9.145658,229.616737
97,2090282,2099512,2100132,0.620000,0.000561,4194,-9.912085,4737.020000,18949.800000,4.513955,263.604975
98,2100132,2109573,2110144,0.570000,0.000567,4390,-10.082166,4747.080000,19050.200000,8.367033,251.652936
99,2110144,2119080,2119731,0.650000,0.000556,4596,-9.944946,4756.590000,19145.200000,7.573364,245.684827
100,2119731,2129104,2129880,0.780000,0.000551,5244,-9.897168,4766.610000,19245.000000,4.168697,249.831919
101,2129880,2139249,2139981,0.740000,0.000550,5270,-9.936039,4776.750000,19346.200000,3.894778,273.607389
102,2139981,2149680,2150408,0.720000,0.000558,5261,-10.143356,4787.190000,19450.400000,3.736740,261.113857
103,2150408,2160251,2160975,0.720000,0.000567,5079,-10.374153,4797.760000,19555.900000,5.763703,236.189934
104,2160975,2169842,2170558,0.710000,0.000556,4858,-10.212741,4807.350000,19651.800000,4.486659,255.643341
105,2170558,2179839,2180557,0.720000,0.000556,4977,-10.267112,4817.340000,19752.700000,5.641294,229.608572
106,2190336,2200005,2200490,0.490000,0.000587,3724,-11.008582,4837.510000,19952.700000,5.381395,287.957760
107,2200490,2209928,2210568,0.640000,0.000600,3625,-11.327952,4847.430000,20052.000000,4.024714,248.583111
108,2210568,2219758,2220316,0.560000,0.000582,3665,-11.024159,4857.260000,20150.100000,5.880511,231.773136
109,2220316,2229225,2229776,0.550000,0.000571,3950,-10.846297,4866.730000,20244.500000,5.404423,280.379120
110,2229776,2239229,2239887,0.660000,0.000565,4723,-10.789395,4876.730000,20344.400000,6.948341,250.980655
111,2239887,2249224,2249882,0.660000,0.000560,4978,-10.730038,4886.730000,20444.200000,5.499604,258.026957
112,2249882,2259121,2259795,0.670000,0.000552,5329,-10.635804,4896.630000,20543.100000,4.983552,308.828495
113,2259795,2269529,2270182,0.660000,0.000551,6149,-10.671582,4907.030000,20646.800000,3.999996,281.111214
114,2270182,2279689,2280165,0.480000,0.000568,4977,-11.066695,4917.190000,20748.300000,5.617499,349.776415
115,2280165,2290037,2290553,0.520000,0.000549,6273,-10.747909,4927.540000,20851.500000,6.723200,303.655630
116,2290553,2300218,2300823,0.610000,0.000567,5152,-11.177988,4937.720000,20953.200000,5.018821,324.442049
117,2300823,2310436,2311077,0.640000,0.000551,6039,-10.900969,4947.940000,21055.300000,6.064750,294.665117
118,2311077,2320919,2321555,0.640000,0.000552,5794,-10.972397,4958.420000,21159.600000,5.924747,260.824755
119,2321555,2330746,2331350,0.610000,0.000581,4183,-11.633047,4968.250000,21257.900000,5.924534,269.697946
120,2331350,2340664,2341387,0.720000,0.000536,5753,-10.749535,4978.170000,21356.800000,6.200211,246.285056
121,2341387,2350530,2351136,0.600000,0.000536,5717,-10.785625,4988.040000,21455.600000,7.601332,241.802535
122,2351136,2360313,2360969,0.650000,0.000540,5396,-10.924229,4997.820000,21553.100000,7.358542,249.076197
123,2360969,2370411,2371069,0.650000,0.000547,5381,-11.132198,5007.920000,21653.900000,5.641500,251.233437
124,2371069,2380577,2381175,0.600000,0.000548,5330,-11.222081,5018.080000,21755.200000,4.509103,319.271615
125,2381175,2391020,2391823,0.800000,0.000545,6143,-11.208021,5028.530000,21859.600000,4.660157,243.246833
126,2391823,2400914,2401775,0.860000,0.000539,5499,-11.136476,5038.420000,21958.600000,4.739769,210.247724
127,2401775,2410021,2410687,0.660000,0.000550,4290,-11.413718,5047.530000,22049.300000,5.890474,295.568752
128,2410687,2420565,2421369,0.800000,0.000558,5817,-11.653167,5058.070000,22153.900000,4.199887,242.389758
129,2421369,2612910,2698247,85.330000,0.000558,5135,-11.697324,5250.420000,22214.000000,0.395102,350.375522
130,2698247,2708197,2708551,0.360000,0.000550,6717,-11.661207,5345.700000,22479.000000,0.357389,331.454946
131,2708551,2717825,2718156,0.330000,0.000568,5761,-12.115225,5355.330000,22575.700000,1.625655,389.896790
132,2718156,2727306,2727793,0.490000,0.000552,6779,-11.807471,5364.810000,22669.600000,0.687466,321.879868
133,2727793,2736902,2737349,0.440000,0.000581,4952,-12.526432,5374.410000,22766.000000,4.249496,320.549202
134,2737349,2746538,2747065,0.530000,0.000562,5877,-12.133955,5384.040000,22861.600000,5.461644,334.505080
135,2747065,2756453,2757063,0.610000,0.000611,4244,-13.325798,5393.960000,22960.400000,5.380354,340.692060
136,2757063,2766202,2766645,0.440000,0.000603,4218,-13.188250,5403.710000,23058.300000,4.035771,281.438213
137,2766645,2775326,2776140,0.820000,0.000559,5577,-12.235585,5412.830000,23149.300000,5.386998,302.427155
138,2776140,2785241,2785803,0.560000,0.000551,5873,-12.107488,5422.750000,23248.100000,6.856489,307.553054
139,2785803,2794928,2795497,0.570000,0.000562,5272,-12.406312,5432.430000,23344.500000,7.303325,304.005861
140,2795497,2804809,2805412,0.610000,0.000574,5269,-12.757633,5442.310000,23443.700000,4.530575,246.271450
141,2805412,2814110,2814962,0.850000,0.000538,5801,-11.957614,5451.620000,23535.900000,5.068038,216.555594
142,2814962,2823416,2823976,0.560000,0.000570,4476,-12.763208,5460.920000,23629.200000,7.613611,268.006394
143,2823976,2833137,2833862,0.730000,0.000572,5040,-12.867558,5470.640000,23726.300000,3.768594,220.146770
144,2833862,2842153,2842648,0.490000,0.000565,4244,-12.758428,5479.660000,23816.000000,4.311457,351.771051
145,2842648,2852136,2852834,0.700000,0.000564,5875,-12.772594,5489.640000,23915.900000,4.463990,237.271236
146,2852834,2861805,2862289,0.480000,0.000551,5474,-12.522782,5499.310000,24012.000000,5.882169,317.558482
147,2862289,2871504,2872045,0.540000,0.000557,5801,-12.720585,5509.010000,24109.000000,3.688680,314.992099
148,2872045,2881526,2881977,0.450000,0.000585,4460,-13.441759,5519.030000,24209.100000,5.167458,302.067276
149,2881977,2891516,2892179,0.660000,0.000542,6465,-12.457913,5529.020000,24309.100000,3.569857,296.258832
150,2892179,2902188,2902641,0.460000,0.000588,4315,-13.651154,5539.690000,24413.700000,3.786804,313.661375
151,2902641,2911869,2912555,0.690000,0.000596,3715,-13.904207,5549.370000,24510.100000,7.104762,475.665361
152,2912555,2921828,2922440,0.620000,0.000574,4732,-13.404466,5559.330000,24609.300000,6.332125,204.841581
153,2922440,2930528,2931161,0.640000,0.000526,5593,-12.293470,5568.030000,24696.100000,4.726014,301.056393
154,2931161,2940725,2941155,0.430000,0.000567,5369,-13.345596,5578.230000,24797.900000,3.887562,216.851587
155,2941155,2949506,2950153,0.650000,0.000522,5716,-12.275484,5587.010000,24885.200000,5.713722,231.989196
156,2950153,2958963,2959575,0.610000,0.000546,5270,-12.931595,5596.470000,24979.400000,6.828427,257.989825
157,2959575,2968521,2969091,0.570000,0.000582,4272,-13.891736,5606.030000,25075.400000,5.838706,251.277073
158,2969091,2978211,2978879,0.660000,0.000576,4432,-13.796572,5615.720000,25171.700000,7.555557,234.933688
159,2978879,2987824,2988493,0.670000,0.000553,5229,-13.272541,5625.330000,25267.600000,5.339426,222.106111
160,2988493,2997090,2997696,0.600000,0.000544,5566,-13.084707,5634.600000,25360.300000,5.487800,326.056302
161,2997696,3007450,3008123,0.670000,0.000565,5410,-13.684163,5644.960000,25463.700000,5.501303,217.644063
162,3008123,3013511,3017162,3.650000,0.000551,4745,-13.373266,5651.020000,25524.700000,5.034336,336.257206
163,3017162,3026802,3027558,0.750000,0.000578,5082,-14.113081,5664.310000,25656.900000,4.081283,238.451387
164,3027558,3036496,3037036,0.540000,0.000563,4730,-13.788598,5674.000000,25753.600000,3.777364,324.584525
165,3037036,3046427,3047131,0.710000,0.000562,5830,-13.820358,5683.930000,25852.900000,6.186674,219.980532
166,3047131,3055199,3055715,0.520000,0.000552,4924,-13.624612,5692.700000,25940.200000,5.957571,342.776523
167,3055715,3065012,3065531,0.520000,0.000599,4542,-14.876613,5702.520000,26038.000000,5.466601,237.125425
168,3065531,3074335,3074797,0.460000,0.000562,4990,-13.965866,5711.840000,26131.300000,5.008328,296.107965
169,3074797,3083804,3084318,0.510000,0.000567,5279,-14.172247,5721.310000,26225.800000,5.016696,210.095721
170,3084318,3092499,3093028,0.530000,0.000546,5190,-13.662144,5730.000000,26312.600000,4.629021,269.454715
171,3093028,3102116,3102716,0.600000,0.000566,5426,-14.231464,5739.620000,26408.400000,4.877027,218.186994
172,3102716,3110944,3111416,0.470000,0.000545,5134,-13.737759,5748.450000,26496.600000,5.521872,261.950862
173,3111416,3120505,3121253,0.750000,0.000574,5081,-14.554544,5758.010000,26592.100000,4.339338,272.297302
174,3121253,3130476,3131161,0.690000,0.000563,5275,-14.322996,5767.980000,26691.600000,3.847047,257.776882
175,3131161,3140257,3140866,0.610000,0.000560,5350,-14.289008,5777.760000,26789.200000,6.427411,243.610645
176,3140866,3149690,3150295,0.600000,0.000547,5671,-13.997084,5787.200000,26883.000000,5.430049,243.343728
177,3150295,3159025,3159576,0.550000,0.000592,4099,-15.257557,5796.530000,26976.600000,4.399932,219.973250
178,3159576,3167809,3168335,0.530000,0.000547,5596,-14.089020,5805.310000,27064.600000,5.851771,251.072393
179,3168335,3177188,3177776,0.590000,0.000564,5241,-14.617464,5814.690000,27157.900000,4.903903,227.522699
180,3177776,3186008,3186672,0.670000,0.000535,5724,-13.885638,5823.510000,27246.100000,5.226648,248.105506
181,3186672,3195491,3196185,0.690000,0.000544,6025,-14.170697,5833.000000,27340.100000,5.418849,254.677686
182,3196185,3205166,3205744,0.580000,0.000573,5078,-15.000014,5842.670000,27436.400000,7.336103,290.767230
183,3205744,3214663,3215258,0.590000,0.000569,5557,-14.962480,5852.170000,27529.800000,4.585684,238.091384
184,3215258,3224091,3224717,0.620000,0.000577,4570,-15.227069,5861.600000,27624.000000,9.429601,226.874809
185,3224717,3232927,3233556,0.630000,0.000558,4903,-14.757302,5870.430000,27712.200000,5.498486,254.078495
186,3233556,3242497,3243037,0.540000,0.000555,5963,-14.716812,5880.000000,27807.200000,4.907894,235.892029
187,3243037,3251200,3251703,0.500000,0.000551,5470,-14.660132,5888.710000,27894.200000,5.919955,272.330426
188,3251703,3261015,3261560,0.550000,0.000611,4186,-16.401827,5898.520000,27992.000000,5.027134,238.324872
189,3261560,3270086,3270577,0.490000,0.000561,5404,-15.059034,5907.590000,28082.300000,5.382748,285.608292
190,3270577,3279895,3280319,0.420000,0.000590,5352,-15.930898,5917.400000,28180.600000,6.168953,300.131909
191,3280319,3289164,3289562,0.400000,0.000600,4763,-16.266342,5926.670000,28273.500000,6.964083,421.645186
192,3289562,3298046,3298723,0.680000,0.000595,4368,-16.166468,5935.550000,28361.800000,4.625509,248.355998
193,3298723,3307394,3308062,0.670000,0.000583,4811,-15.895638,5944.900000,28455.300000,5.799424,233.883622
194,3308062,3316680,3317185,0.500000,0.000592,4373,-16.178825,5954.190000,28548.200000,6.064878,296.166670
195,3317185,3325865,3326571,0.710000,0.000600,4153,-16.479259,5963.370000,28639.300000,5.397858,234.388606
196,3326571,3334520,3335228,0.700000,0.000563,5186,-15.455847,5972.030000,28725.900000,4.745690,216.949899
197,3335228,3343452,3343899,0.440000,0.000592,4281,-16.363994,5980.960000,28815.200000,5.555632,364.126462
198,3343899,3352761,3353587,0.820000,0.000609,4530,-16.911348,5990.270000,28908.300000,7.344249,245.348047
199,3353587,3361510,3362089,0.570000,0.000604,3874,-16.803432,5999.020000,28995.400000,6.213430,333.711800
200,3362089,3370963,3371570,0.610000,0.000628,3917,-17.562228,6008.470000,29089.700000,3.270459,228.441625
201,3371570,3379750,3380208,0.450000,0.000554,5970,-15.449549,6017.260000,29177.600000,6.450361,326.937098
202,3380208,3389427,3389883,0.460000,0.000596,5031,-16.737021,6026.930000,29273.900000,5.812226,233.405901
203,3389883,3398080,3398586,0.500000,0.000582,4367,-16.382651,6035.590000,29360.000000,6.597447,369.606082
204,3398586,3407829,3408728,0.900000,0.000581,5656,-16.413720,6045.330000,29458.000000,4.974786,252.614895
205,3408728,3417527,3418036,0.510000,0.000588,5005,-16.680409,6055.030000,29554.500000,5.117411,343.565239
206,3418036,3427503,3427994,0.490000,0.000599,5458,-17.046824,6065.010000,29654.100000,5.180918,266.583363
207,3427994,3436371,3436910,0.540000,0.000568,5348,-16.183857,6073.880000,29742.400000,5.807577,240.198229
208,3436910,3445079,3445845,0.770000,0.000589,4333,-16.852828,6082.580000,29829.500000,6.846230,245.755478
209,3445845,3454511,3455149,0.630000,0.000586,4460,-16.837374,6092.020000,29923.700000,5.239943,251.332391
210,3455149,3463785,3464464,0.680000,0.000571,5281,-16.421860,6101.290000,30015.800000,6.269442,222.702982
211,3464464,3472420,3473014,0.590000,0.000554,5548,-15.973893,6109.930000,30102.000000,5.619605,263.299355
212,3473014,3481797,3482575,0.780000,0.000580,5510,-16.803113,6119.300000,30195.600000,5.024009,252.220818
213,3482575,3491416,3492055,0.640000,0.000584,5548,-16.992604,6128.920000,30291.700000,4.462637,260.383223
214,3492055,3500900,3501559,0.650000,0.000586,5448,-17.103255,6138.410000,30386.400000,3.201908,261.501431
215,3501559,3510848,3511354,0.510000,0.000601,4924,-17.597613,6148.350000,30485.900000,5.469699,268.697028
216,3511354,3520280,3520829,0.540000,0.000585,5326,-17.186964,6157.790000,30579.900000,5.992992,275.963853
217,3520829,3529218,3529845,0.630000,0.000595,4648,-17.529237,6166.720000,30669.400000,6.391380,216.593477
218,3529845,3537886,3538277,0.390000,0.000576,4062,-17.023949,6175.390000,30756.100000,6.172537,291.310677
219,3538277,3546737,3547412,0.680000,0.000577,5257,-17.086550,6184.240000,30844.500000,6.087526,269.269962
220,3547412,3555752,3556360,0.610000,0.000565,5338,-16.761594,6193.260000,30934.500000,5.343394,294.282210
221,3556360,3564757,3565409,0.650000,0.000613,4554,-18.295737,6202.260000,31024.500000,5.122859,274.641220
222,3565409,3574752,3575226,0.470000,0.000591,5545,-17.699677,6212.260000,31124.200000,5.963535,247.161731
223,3575226,3583814,3584233,0.420000,0.000568,5678,-17.027317,6221.320000,31214.100000,4.584840,313.627068
224,3584233,3592799,3593305,0.510000,0.000599,4951,-18.028967,6230.300000,31303.600000,7.681085,303.286392
225,3593305,3601917,3602563,0.650000,0.000588,5533,-17.747585,6239.420000,31395.300000,6.087243,246.728066
226,3602563,3611070,3611560,0.490000,0.000578,5628,-17.479278,6248.580000,31486.200000,5.784240,286.852798
227,3611560,3620353,3620845,0.490000,0.000838,912,-25.721505,6257.860000,31578.900000,5.092713,289.378396
228,3620845,3629358,3629788,0.430000,0.000555,6507,-16.856742,6266.860000,31668.400000,6.026119,430.131382
229,3629788,3638946,3639366,0.420000,0.000683,2414,-20.964102,6276.450000,31764.500000,5.597984,225.786112
230,3639366,3647531,3648110,0.580000,0.000585,4640,-17.935455,6285.040000,31850.100000,7.131368,245.194768
231,3648110,3657180,3657752,0.570000,0.000606,4393,-18.660592,6294.690000,31946.100000,4.926019,234.424604
232,3657752,3666164,3666688,0.520000,0.000665,2999,-20.592352,6303.670000,32036.000000,6.166080,240.992345
233,3666688,3675221,3675696,0.470000,0.000619,4057,-19.188927,6312.730000,32126.600000,5.629841,258.611874
234,3675696,3684536,3685100,0.570000,0.000592,5245,-18.360063,6322.040000,32219.600000,4.819598,255.197740
235,3685100,3693787,3694678,0.890000,0.000589,5392,-18.339977,6331.290000,32312.200000,5.875505,239.663107
236,3694678,3703174,3703917,0.740000,0.000578,5014,-18.014527,6340.680000,32405.600000,5.517961,212.228159
237,3703917,3711507,3712133,0.630000,0.000565,4610,-17.645867,6349.010000,32488.700000,5.786263,230.739741
238,3712133,3720411,3721034,0.620000,0.000569,5378,-17.829032,6357.920000,32577.300000,4.605406,248.811437
239,3721034,3729706,3730343,0.640000,0.000586,5118,-18.444497,6367.210000,32670.500000,5.256629,257.882537
240,3730343,3739298,3739762,0.470000,0.000587,5610,-18.515358,6376.800000,32766.100000,5.928101,245.904722
241,3739762,3748292,3748794,0.500000,0.000591,5283,-18.726147,6385.800000,32855.400000,6.959812,247.794282
242,3748794,3757275,3757805,0.530000,0.000576,5291,-18.275062,6394.780000,32945.200000,5.312404,234.816803
243,3757805,3766363,3766872,0.510000,0.000559,6083,-17.756479,6403.870000,33035.900000,6.052533,251.471259
244,3766872,3775392,3775793,0.400000,0.000603,4146,-19.255292,6412.900000,33126.100000,5.844834,223.547307
245,3775793,3783962,3784516,0.550000,0.000563,5522,-18.006170,6421.470000,33211.700000,5.641835,256.385896
246,3784516,3793363,3793975,0.610000,0.000603,4579,-19.370876,6430.870000,33305.500000,4.450112,250.650965
247,3793975,3802662,3803275,0.610000,0.000591,5260,-19.015208,6440.170000,33398.000000,4.985787,247.359711
248,3803275,3811446,3812208,0.760000,0.000575,5510,-18.538428,6448.950000,33485.800000,5.492898,251.700909
249,3812208,3820805,3821552,0.750000,0.000627,4545,-20.353883,6458.310000,33579.200000,6.522919,223.385134
250,3821552,3829283,3829892,0.610000,0.000601,3951,-19.530165,6466.790000,33664.200000,4.321679,259.247331
251,3829892,3838874,3839455,0.580000,0.000592,5570,-19.278743,6476.380000,33759.900000,4.725916,226.002275
252,3839455,3847482,3847935,0.450000,0.000569,5292,-18.552956,6484.990000,33845.600000,6.976627,304.364197
253,3847935,3856765,3857261,0.500000,0.000590,5569,-19.315176,6494.270000,33938.600000,5.790577,246.103645
254,3857261,3865374,3865915,0.540000,0.000589,4744,-19.346258,6502.880000,34024.100000,7.403836,248.917272
255,3865915,3874468,3875199,0.730000,0.001215,393,-40.706065,6511.970000,34114.900000,5.321584,257.531660
256,3875199,3883873,3884553,0.680000,0.000592,5309,-19.529018,6521.380000,34209.000000,7.064888,246.488821
257,3884553,3893102,3893599,0.490000,0.000582,5473,-19.270305,6530.610000,34300.800000,7.696264,246.601792
258,3893599,3901955,3902550,0.600000,0.000589,5444,-19.558866,6539.460000,34389.100000,5.630341,229.562482
259,3902550,3910223,3910755,0.530000,0.000585,4581,-19.463794,6547.730000,34471.600000,6.580160,234.740863
260,3910755,3918998,3919506,0.510000,0.000572,5692,-19.068865,6556.500000,34559.400000,7.045487,231.338900
261,3919506,3927797,3928257,0.460000,0.000568,5511,-18.977900,6565.300000,34647.100000,6.559533,242.937346
262,3928257,3936415,3936979,0.560000,0.000577,5515,-19.347296,6573.920000,34732.600000,7.257936,232.834481
263,3936979,3945322,3945875,0.550000,0.001050,644,-35.831727,6582.830000,34821.900000,5.447253,252.845207
264,3945875,3954526,3955085,0.560000,0.000589,5571,-19.853490,6592.030000,34913.900000,4.805233,238.053140
265,3955085,3963279,3963890,0.620000,0.000576,5387,-19.456684,6600.780000,35000.900000,4.549969,257.044997
266,3963890,3972329,3972971,0.650000,0.000590,5498,-19.984174,6609.830000,35091.900000,5.779417,204.726645
267,3972971,3980385,3981040,0.660000,0.000560,5385,-19.006835,6617.890000,35172.000000,5.364307,237.711825
268,3981040,3989225,3989823,0.600000,0.001135,585,-39.271066,6626.730000,35260.300000,6.043461,222.412464
269,3989823,3997543,3998304,0.760000,0.000582,4717,-19.869855,6635.050000,35343.500000,5.784529,236.114829
270,3998304,4006526,4007088,0.560000,0.000560,5782,-19.133549,6644.030000,35433.000000,6.542845,246.005714
271,4007088,4015390,4016035,0.640000,0.000569,5766,-19.510458,6652.900000,35521.500000,4.725678,227.031274
272,4016035,4023972,4024730,0.760000,0.000584,5004,-20.090885,6661.480000,35607.300000,5.467441,252.037148
273,4024730,4033352,4033984,0.630000,0.000579,5781,-19.975521,6670.860000,35700.400000,5.025595,242.220528
274,4033984,4042141,4042671,0.530000,0.000618,4848,-21.397630,6679.650000,35788.400000,5.840182,253.171171
275,4042671,4051228,4051784,0.560000,0.001229,310,-43.350013,6688.730000,35879.100000,5.712773,254.511291
276,4051784,4060095,4060719,0.620000,0.001091,567,-38.490979,6697.600000,35967.600000,5.067279,227.715548
277,4060719,4068467,4069040,0.580000,0.001094,498,-38.698317,6705.970000,36051.200000,5.290841,229.280149
278,4069040,4077176,4077755,0.580000,0.001031,765,-36.520751,6714.680000,36138.000000,5.751477,211.343626
279,4077755,4085487,4086085,0.600000,0.001048,634,-37.217545,6722.990000,36220.600000,6.071730,225.330705
280,4086085,4094063,4094688,0.620000,0.000552,6170,-19.352338,6731.570000,36306.500000,5.975578,215.175182
281,4094688,4230245,4237624,7.380000,0.001128,449,-40.306671,6867.750000,36404.500000,nan,475.124171
282,4237624,4245831,4246134,0.300000,0.000524,6287,-18.454616,6883.340000,36560.300000,7.140707,458.229832
283,4246134,4254277,4254599,0.320000,0.000526,5825,-18.587123,6891.780000,36644.400000,9.557965,479.460942
284,4254599,4262781,4263208,0.420000,0.000539,5351,-19.087072,6900.290000,36729.700000,5.103318,449.219781
285,4263208,4271337,4271767,0.430000,0.000529,5597,-18.790504,6908.840000,36814.700000,6.637905,458.494054
286,4271767,4280341,4280683,0.340000,0.000532,5813,-18.918529,6917.850000,36904.700000,8.026681,469.769302
287,4280683,4289192,4289501,0.310000,0.000531,5795,-18.936512,6926.700000,36992.900000,7.770275,494.586176
288,4289501,4298041,4298380,0.340000,0.000534,5995,-19.085691,6935.550000,37081.200000,7.117497,484.545864
289,4298380,4306758,4307124,0.370000,0.000528,5702,-18.923432,6944.260000,37168.000000,8.676184,473.375017
290,4307124,4315694,4315966,0.270000,0.000540,5738,-19.434047,6953.200000,37257.700000,7.108466,452.647168
291,4315966,4324482,4324885,0.400000,0.000491,7901,-17.651315,6961.990000,37345.100000,4.806346,443.972862
292,4324885,4333043,4333578,0.530000,0.000526,5858,-19.000462,6970.550000,37430.600000,6.259500,439.345878
293,4333578,4341534,4341944,0.410000,0.000507,6445,-18.337238,6979.040000,37515.100000,6.134289,478.814466
294,4341944,4350497,4350903,0.410000,0.000530,6091,-19.228268,6988.000000,37604.900000,5.720522,490.896941
295,4350903,4359665,4359961,0.300000,0.000529,5901,-19.255003,6997.170000,37696.600000,8.122184,459.622320
296,4359961,4367986,4368527,0.540000,0.000519,5947,-18.891330,7005.490000,37779.300000,5.285967,471.429817
297,4368527,4376815,4377075,0.260000,0.000507,6261,-18.504555,7014.320000,37867.500000,8.713244,474.779908
298,4377075,4385700,4386107,0.400000,0.000516,6261,-18.892155,7023.210000,37956.200000,5.601293,440.967344
299,4386107,4394053,4394365,0.310000,0.000519,5351,-19.040808,7031.560000,38039.500000,7.781119,452.901208
300,4394365,4402521,4402958,0.430000,0.000518,5858,-19.033189,7040.030000,38124.100000,4.838390,452.544042
301,4402958,4410978,4411599,0.620000,0.000508,6070,-18.717123,7048.480000,38208.400000,3.532628,422.513111
302,4411599,4419373,4419731,0.360000,0.000501,5916,-18.473871,7056.880000,38292.000000,6.316053,445.961814
303,4419731,4428092,4428529,0.430000,0.000510,6119,-18.867928,7065.600000,38378.600000,5.229005,468.530033
304,4428529,4436905,4437316,0.410000,0.000528,5449,-19.618440,7074.410000,38466.800000,6.053475,433.533465
305,4437316,4444949,4445560,0.620000,0.000510,5478,-18.971754,7082.450000,38547.500000,5.949623,445.499396
306,4445560,4454196,4454558,0.360000,0.000531,5598,-19.810436,7091.700000,38639.600000,5.976775,416.871427
307,4454558,4462455,4462883,0.430000,0.000502,5937,-18.750721,7099.960000,38721.700000,5.876481,466.921555
308,4462883,4471533,4471899,0.360000,0.000505,6587,-18.906885,7109.040000,38812.400000,6.235906,446.748019
309,4471899,4480093,4480634,0.540000,0.000516,6436,-19.363970,7117.600000,38898.100000,6.110838,418.969839
310,4480634,4488506,4488964,0.460000,0.000511,5944,-19.226799,7126.010000,38981.900000,5.860389,423.172514
311,4488964,4496844,4497097,0.250000,0.000514,5409,-19.383303,7134.350000,39065.100000,8.040077,444.754550
312,4497097,4505026,4505384,0.360000,0.000510,5896,-19.269063,7142.530000,39146.800000,6.573978,464.180093
313,4505384,4513909,4514332,0.430000,0.000521,5960,-19.742466,7151.410000,39235.700000,7.853014,457.744973
314,4514332,4522507,4522951,0.450000,0.000523,5798,-19.861631,7160.010000,39321.400000,5.031328,456.867172
315,4522951,4530908,4531228,0.320000,0.000502,6058,-19.089416,7168.410000,39405.200000,7.952058,460.639906
316,4531228,4539302,4539592,0.290000,0.000516,5659,-19.691821,7176.810000,39488.500000,7.160879,427.990342
317,4539592,4547733,4548157,0.420000,0.000513,5917,-19.613976,7185.240000,39573.500000,5.771708,430.362189
318,4548157,4555981,4556313,0.330000,0.000509,5946,-19.492282,7193.490000,39655.400000,7.131574,408.607383
319,4556313,4563713,4564275,0.560000,0.000492,6091,-18.866377,7201.220000,39733.000000,6.373015,429.360029
320,4564275,4572497,4572981,0.490000,0.000512,6043,-19.699507,7210.000000,39820.500000,6.054082,406.703351
321,4572981,4580973,4581467,0.490000,0.000514,5787,-19.817749,7218.480000,39904.600000,6.212179,440.871681
322,4581467,4589504,4589910,0.410000,0.000514,5693,-19.870095,7227.010000,39989.900000,6.279512,451.953866
323,4589910,4598027,4598403,0.380000,0.000514,5899,-19.921270,7235.530000,40074.900000,7.627850,390.323098
324,4598403,4606191,4606531,0.340000,0.000513,5638,-19.891995,7243.700000,40156.200000,9.869595,490.282528
325,4606531,4615041,4615369,0.320000,0.000534,5496,-20.795172,7252.550000,40244.700000,7.970769,470.122525
326,4615369,4623514,4623983,0.470000,0.000520,5641,-20.268625,7261.020000,40329.800000,6.942625,447.145706
327,4623983,4632503,4632902,0.400000,0.000531,5525,-20.752490,7270.010000,40419.300000,5.871259,453.550348
328,4632902,4641211,4641665,0.450000,0.000519,6063,-20.310362,7278.720000,40506.000000,5.069273,418.668876
329,4641665,4649505,4650080,0.580000,0.000526,5334,-20.659625,7287.010000,40589.300000,6.310274,356.203990
330,4650080,4657507,4657873,0.370000,0.000507,5394,-19.929007,7295.010000,40668.900000,9.127910,470.062989
331,4657873,4666252,4666710,0.460000,0.000537,5632,-21.184989,7303.760000,40756.000000,5.990840,383.222409
332,4666710,4674223,4674681,0.460000,0.000497,5815,-19.609099,7311.730000,40835.900000,6.141971,435.209369
333,4674681,4682809,4683137,0.330000,0.000520,5681,-20.582622,7320.310000,40921.500000,8.849275,457.074450
334,4683137,4691792,4692070,0.280000,0.000534,5739,-21.211479,7329.300000,41010.700000,9.049275,483.616994
335,4692070,4700230,4700622,0.390000,0.000526,5468,-20.928738,7337.740000,41095.100000,6.756681,474.626743
336,4700622,4708529,4709090,0.570000,0.000524,5632,-20.890279,7346.030000,41178.300000,6.516383,441.912380
337,4709090,4716923,4717248,0.320000,0.000526,5738,-21.017557,7354.430000,41262.000000,7.904145,477.195216
338,4717248,4725482,4725823,0.340000,0.000525,5931,-21.001905,7362.990000,41347.300000,5.619505,446.481886
339,4725823,4734131,4734493,0.360000,0.000535,5692,-21.462708,7371.640000,41433.600000,6.641282,474.486848
340,4734493,4742948,4743340,0.400000,0.000534,6050,-21.472933,7380.450000,41521.300000,6.181672,396.174971
341,4743340,4750796,4751123,0.330000,0.000512,5198,-20.604664,7388.300000,41599.600000,9.917597,445.170080
342,4751123,4759053,4759385,0.330000,0.000537,5206,-21.696742,7396.560000,41682.000000,8.365961,425.647119
343,4759385,4767455,4767845,0.390000,0.000524,5796,-21.178633,7404.960000,41766.500000,6.266636,448.813262
344,4767845,4775777,4776134,0.360000,0.000517,5352,-20.955373,7413.280000,41849.600000,7.861017,391.620162
345,4776134,4783529,4784134,0.610000,0.000516,5480,-20.933209,7421.030000,41926.900000,6.286614,318.766703
346,4784134,4791276,4791581,0.310000,0.000502,5249,-20.370869,7428.780000,42003.800000,9.631164,426.433669
347,4791581,4799931,4800302,0.370000,0.000531,5526,-21.634352,7437.440000,42090.300000,6.220710,418.198379
348,4800302,4808081,4808713,0.630000,0.000526,5958,-21.481211,7445.590000,42171.600000,5.257737,435.513517
349,4808713,4816782,4817034,0.250000,0.000533,5216,-21.821188,7454.290000,42258.700000,6.514045,441.015793
350,4817034,4825137,4825461,0.330000,0.000512,6206,-20.985064,7462.640000,42342.100000,8.620737,407.774127
351,4825461,4833282,4833700,0.420000,0.000512,5947,-21.020488,7470.790000,42423.000000,5.152647,466.155706
352,4833700,4841782,4842347,0.560000,0.000535,5754,-22.055680,7479.290000,42507.900000,5.262854,438.985982
353,4842347,4850237,4850666,0.430000,0.000533,5422,-22.024763,7487.740000,42592.400000,5.634970,450.302464
354,4850666,4858503,4858862,0.360000,0.000534,5370,-22.081084,7496.010000,42674.800000,7.289389,443.044242
355,4858862,4866707,4866985,0.280000,0.000526,5519,-21.791340,7504.210000,42756.800000,8.333829,420.462535
356,4866985,4874529,4874974,0.450000,0.000505,6007,-20.920263,7512.030000,42835.200000,6.194215,440.597972
357,4874974,4883068,4883333,0.270000,0.000526,5564,-21.891473,7520.570000,42920.400000,7.362227,471.155137
358,4883333,4891516,4892119,0.600000,0.000537,5682,-22.389786,7529.020000,43004.700000,5.694559,450.012921
359,4892119,4900000,4900310,0.310000,0.000518,5767,-21.615262,7537.510000,43089.000000,8.800755,417.016582
360,4900310,4907931,4908370,0.440000,0.000515,5729,-21.514883,7545.440000,43168.100000,6.072702,450.989984
361,4908370,4916728,4917161,0.440000,0.000544,5512,-22.821163,7554.230000,43256.600000,5.700589,432.349790
362,4917161,4924538,4925150,0.620000,0.000509,5934,-21.383305,7562.040000,43334.600000,4.865499,435.258875
363,4925150,4933391,4933733,0.340000,0.000536,5178,-22.594293,7570.900000,43422.400000,7.741109,437.564938
364,4933733,4941522,4942084,0.560000,0.000526,5607,-22.187719,7579.030000,43503.700000,5.735503,394.165468
365,4942084,4949906,4950246,0.340000,0.000517,5445,-21.846149,7587.410000,43587.200000,6.752044,387.372333
366,4950246,4957994,4958350,0.360000,0.000524,5450,-22.166500,7595.500000,43668.000000,5.267189,426.705566
367,4958350,4966230,4966601,0.370000,0.000531,5156,-22.525318,7603.740000,43750.100000,8.922034,409.079367
368,4966601,4974419,4974807,0.390000,0.000516,5484,-21.922236,7611.920000,43832.200000,6.580084,420.567002
369,4974807,4982534,4982914,0.380000,0.000524,5716,-22.299286,7620.040000,43913.100000,7.380192,388.540741
370,4982914,4990496,4990862,0.370000,0.000518,5263,-22.074487,7628.000000,43992.500000,7.606710,438.522413
371,4990862,4998893,4999278,0.380000,0.000537,5267,-22.982410,7636.400000,44075.900000,6.171160,431.220136
372,4999278,5007361,5007657,0.290000,0.000528,5220,-22.640862,7644.870000,44160.700000,6.918415,452.700770
373,5007657,5015883,5016465,0.580000,0.000525,6144,-22.549002,7653.390000,44246.100000,5.412605,426.734054
374,5016465,5024722,5025048,0.320000,0.000536,5707,-23.045115,7662.230000,44333.700000,7.055801,428.006205
375,5025048,5032870,5033196,0.320000,0.000528,5128,-22.755666,7670.380000,44415.000000,7.985962,412.311738
376,5033196,5040926,5041341,0.420000,0.000547,4910,-23.663987,7678.430000,44495.400000,4.548702,385.657469
377,5041341,5048814,5049173,0.360000,0.000517,5058,-22.361955,7686.320000,44574.200000,7.936900,414.431757
378,5049173,5057334,5057813,0.480000,0.000520,5896,-22.515387,7694.840000,44659.500000,5.468124,327.535806
379,5057813,5065079,5065427,0.350000,0.000512,5115,-22.212263,7702.580000,44736.700000,9.339772,478.212572
380,5065427,5073861,5074263,0.400000,0.000533,5860,-23.180658,7711.370000,44824.300000,5.718764,423.979084
381,5074263,5081847,5082176,0.330000,0.000525,5252,-22.882978,7719.350000,44904.000000,6.138888,470.323601
382,5082176,5090431,5090850,0.420000,0.000525,5859,-22.931520,7727.940000,44989.700000,5.056033,441.898188
383,5090850,5099082,5099347,0.260000,0.000520,6183,-22.721596,7736.590000,45076.300000,8.498390,471.614032
384,5099347,5107751,5108277,0.520000,0.000538,5777,-23.609329,7745.260000,45163.200000,5.922909,487.295767
385,5108277,5117059,5117396,0.340000,0.000543,5766,-23.877417,7754.560000,45255.400000,5.093276,490.665381
386,5117396,5125520,5125895,0.370000,0.000548,5129,-24.140318,7763.030000,45340.400000,8.392165,475.685740
387,5125895,5134057,5134440,0.390000,0.000527,5637,-23.222087,7771.560000,45425.800000,6.387840,426.473945
388,5134440,5141844,5142451,0.610000,0.000523,5632,-23.118999,7779.350000,45503.600000,5.274299,442.928854
389,5142451,5150008,5151083,1.080000,0.000533,5746,-23.607166,7787.510000,45584.500000,4.543015,406.680177
390,5151083,5158524,5159020,0.500000,0.000533,5194,-23.625595,7796.030000,45669.500000,4.847266,410.957517
391,5159020,5166817,5167115,0.300000,0.000530,5362,-23.572237,7804.320000,45752.800000,8.244473,432.904317
392,5167115,5175142,5175513,0.370000,0.000532,5867,-23.699654,7812.650000,45835.800000,6.960915,413.537905
393,5175513,5183157,5183439,0.280000,0.000545,4588,-24.328222,7820.660000,45915.500000,8.198505,432.736635
394,5183439,5191213,5191525,0.310000,0.000524,5609,-23.383786,7828.720000,45996.000000,7.708241,447.715503
395,5191525,5199510,5200015,0.500000,0.000540,5407,-24.189535,7837.020000,46079.100000,5.743113,472.105156
396,5200015,5208429,5208957,0.530000,0.000536,6271,-24.028981,7845.930000,46168.100000,4.554167,460.186528
397,5208957,5217078,5217308,0.230000,0.000549,5130,-24.680966,7854.580000,46254.500000,8.705609,464.924376
398,5217308,5225387,5225789,0.400000,0.000533,5853,-23.991646,7862.890000,46337.000000,7.132293,390.947071
399,5225789,5232984,5233400,0.420000,0.000521,5328,-23.490762,7870.490000,46412.800000,7.012107,427.555834
400,5233400,5240935,5241295,0.360000,0.000540,5010,-24.420577,7878.440000,46492.300000,10.223697,396.020417
401,5241295,5248990,5249322,0.330000,0.000522,5713,-23.606843,7886.500000,46572.500000,9.029432,424.367064
402,5249322,5256734,5257319,0.580000,0.000536,5520,-24.308344,7894.240000,46650.500000,5.303828,474.991377
403,5257319,5265511,5266032,0.520000,0.000553,5205,-25.152469,7903.020000,46737.800000,5.687074,454.427423
404,5266032,5273761,5274105,0.340000,0.000529,5481,-24.053762,7911.270000,46820.600000,8.527562,403.175036
405,5274105,5281509,5282001,0.500000,0.000540,5203,-24.616006,7919.010000,46897.400000,4.993990,442.410324
406,5282001,5289815,5290086,0.270000,0.000533,5364,-24.331758,7927.320000,46980.000000,7.194732,439.695987
407,5290086,5298193,5298518,0.320000,0.000535,5842,-24.472845,7935.700000,47064.100000,7.510297,461.571175
408,5298518,5306612,5306950,0.340000,0.000543,5481,-24.913303,7944.120000,47147.700000,6.070870,450.058123
409,5306950,5314835,5315160,0.330000,0.000528,6052,-24.234367,7952.340000,47229.800000,7.673995,422.678970
410,5315160,5322821,5323068,0.240000,0.000523,5711,-24.051780,7960.330000,47309.800000,8.416617,469.279107
411,5323068,5331309,5331699,0.390000,0.000549,5306,-25.316465,7968.810000,47394.200000,5.746552,476.850094
412,5331699,5339529,5340099,0.570000,0.000547,5364,-25.271113,7977.030000,47476.700000,4.948670,456.806582
413,5340099,5348083,5348425,0.340000,0.000548,5067,-25.373790,7985.590000,47562.300000,7.769000,455.350136
414,5348425,5356367,5356776,0.410000,0.000534,5591,-24.768973,7993.870000,47644.600000,6.280975,393.452450
415,5356776,5363988,5364397,0.410000,0.000515,5481,-23.881506,8001.490000,47720.500000,7.539240,368.702009
416,5364397,5371517,5371935,0.420000,0.000540,5031,-25.102368,8009.020000,47796.000000,4.782120,467.245256
417,5371935,5379841,5380645,0.800000,0.000537,5609,-24.992245,8017.350000,47879.500000,5.868077,432.098731
418,5380645,5388367,5388599,0.230000,0.000545,5314,-25.428864,8025.870000,47964.100000,8.265587,444.208870
419,5388599,5396266,5396594,0.330000,0.000547,4904,-25.588333,8033.770000,48043.100000,7.010657,415.994113
420,5396594,5403848,5404200,0.360000,0.000519,5613,-24.277759,8041.350000,48118.900000,7.629013,438.227344
421,5404200,5411907,5412211,0.310000,0.000537,5354,-25.183207,8049.410000,48198.800000,6.900769,472.196127
422,5412211,5420226,5420523,0.300000,0.000543,5639,-25.525707,8057.730000,48282.200000,7.183894,455.780539
423,5420523,5428458,5428714,0.260000,0.000553,5241,-26.065741,8065.960000,48364.000000,8.258188,487.307851
424,5428714,5436835,5437171,0.340000,0.000559,5097,-26.381704,8074.340000,48448.300000,7.227482,481.638517
425,5437171,5445350,5445694,0.340000,0.000552,5703,-26.100688,8082.860000,48532.700000,6.605529,444.911986
426,5445694,5452944,5453229,0.280000,0.000529,5495,-25.026029,8090.450000,48608.900000,8.704341,403.793934
427,5453229,5460496,5460871,0.380000,0.000537,5276,-25.460955,8098.000000,48684.100000,5.225177,455.482164
428,5460871,5469003,5469315,0.310000,0.000552,5473,-26.210913,8106.510000,48769.000000,8.194303,459.599018
429,5469315,5477232,5477611,0.380000,0.000550,5196,-26.179231,8114.740000,48851.000000,7.312946,418.131999
430,5477611,5484982,5485424,0.440000,0.000539,5408,-25.693368,8122.490000,48928.600000,5.820304,438.420924
431,5485424,5493232,5493567,0.330000,0.000550,5241,-26.258888,8130.740000,49010.800000,7.477570,423.640658
432,5493567,5501232,5501481,0.250000,0.000538,5464,-25.698605,8138.740000,49091.100000,6.948443,419.352925
433,5501481,5508942,5509424,0.480000,0.000554,5059,-26.521420,8146.450000,49168.200000,4.830227,438.011307
434,5509424,5516942,5517365,0.420000,0.000556,4948,-26.696470,8154.450000,49247.700000,6.207745,452.167402
435,5517365,5525466,5525830,0.370000,0.000557,5158,-26.775235,8162.970000,49332.600000,8.003732,466.015585
436,5525830,5533845,5534300,0.460000,0.000556,5370,-26.754752,8171.350000,49416.100000,5.121007,409.044612
437,5534300,5541709,5542073,0.370000,0.000538,5047,-25.929294,8179.210000,49494.500000,8.172715,453.179419
438,5542073,5550047,5550611,0.570000,0.000538,6059,-25.981615,8187.550000,49578.400000,5.228695,467.299335
439,5550611,5558761,5559052,0.290000,0.000556,5164,-26.915790,8196.270000,49664.900000,8.353506,458.656440
440,5559052,5566805,5567208,0.400000,0.000537,5779,-26.038102,8204.310000,49745.700000,5.876378,460.870657
441,5567208,5575123,5575346,0.220000,0.000538,5508,-26.130048,8212.630000,49828.300000,8.328137,459.748887
442,5575346,5583110,5583490,0.380000,0.000546,5545,-26.558214,8220.620000,49908.200000,7.437832,454.949377
443,5583490,5591199,5591476,0.280000,0.000543,5780,-26.453651,8228.700000,49988.800000,7.649069,430.249630
444,5591476,5598737,5599236,0.500000,0.000568,4625,-27.718176,8236.240000,50064.500000,5.407896,449.707985
445,5599236,5606962,5607365,0.400000,0.000560,4995,-27.388506,8244.470000,50146.600000,6.099839,452.392934
446,5607365,5615048,5615395,0.350000,0.000545,5062,-26.700365,8252.550000,50226.900000,8.098024,432.238767
447,5615395,5622879,5623492,0.620000,0.000551,4980,-27.026130,8260.380000,50305.600000,4.802713,445.098626
448,5623492,5631048,5631389,0.340000,0.000546,5413,-26.816378,8268.550000,50386.500000,8.110517,419.892102
449,5631389,5639012,5639523,0.510000,0.000550,5445,-27.083556,8276.520000,50466.400000,5.809555,412.602632
