Event,StartRow,FailRow,EndRow,SlipDuration,Stiffness,NptsStiffness,StiffnessIntercept,FailTime,FailDisplacement,50_Mean_Velocity,Peak_Velocity
0,1184116,1186343,1188236,1.890000,0.000035,2227,0.302248,3227.790000,11320.600000,7.517313,12.563802
1,1188236,1191159,1194502,3.350000,0.000026,2923,0.396618,3232.600000,11368.800000,7.929648,11.966110
2,1194502,1196549,1199110,2.560000,0.000027,2047,0.386059,3237.990000,11422.600000,8.007738,11.611439
3,1199110,1201086,1204759,3.670000,0.000033,1976,0.322214,3242.530000,11467.800000,8.255095,14.122192
4,1204759,1206355,1209243,2.890000,0.000046,1596,0.171124,3247.800000,11520.400000,8.019567,14.001974
5,1209243,1211242,1213980,2.730000,0.000073,1850,-0.152993,3252.690000,11569.200000,7.879893,13.477591
6,1213980,1216461,1219031,2.570000,0.000061,2481,-0.013204,3257.910000,11621.300000,7.576578,13.013489
7,1219031,1221778,1224045,2.270000,0.000070,2408,-0.118961,3263.220000,11674.400000,7.728708,12.999553
8,1224045,1226894,1229924,3.030000,0.000053,2849,0.075911,3268.340000,11725.300000,7.371618,12.189787
9,1229924,1232632,1234877,2.240000,0.000094,2331,-0.409737,3274.080000,11782.500000,7.466853,13.825223
10,1234877,1237939,1240620,2.680000,0.000083,3062,-0.284236,3279.380000,11835.400000,6.922294,13.601031
11,1240620,1243286,1245822,2.540000,0.000101,2317,-0.504717,3284.730000,11888.500000,7.306906,14.630209
12,1245822,1248400,1250753,2.360000,0.000109,2244,-0.610540,3289.840000,11939.700000,6.756976,13.349585
13,1250753,1253513,1256003,2.490000,0.000115,2760,-0.678999,3294.960000,11990.600000,7.105792,16.542945
14,1256003,1258977,1261173,2.200000,0.000116,2819,-0.698907,3300.420000,12045.100000,7.542324,15.542410
15,1261173,1264261,1266360,2.090000,0.000136,2901,-0.954568,3305.710000,12097.800000,6.340463,13.590224
16,1266360,1269433,1271764,2.330000,0.000151,2665,-1.138047,3310.880000,12149.400000,6.476815,14.709695
17,1271764,1274888,1276710,1.820000,0.000161,2657,-1.272694,3316.330000,12203.900000,6.255731,16.838181
18,1276710,1280189,1282218,2.030000,0.000159,3028,-1.246593,3321.630000,12256.700000,6.639013,13.556731
19,1282218,1285321,1287380,2.050000,0.000169,2861,-1.381275,3326.770000,12307.900000,7.172880,13.644426
20,1287380,1290513,1292651,2.140000,0.000175,2852,-1.465311,3331.960000,12359.700000,6.564922,14.152860
21,1292651,1295754,1297923,2.170000,0.000168,3050,-1.394832,3337.200000,12412.000000,5.981057,15.412621
22,1297923,1301036,1303067,2.030000,0.000220,2361,-2.041285,3342.480000,12464.800000,6.213368,15.550380
23,1303067,1306450,1308265,1.820000,0.000201,2773,-1.824229,3347.890000,12518.700000,6.072485,16.275783
24,1308265,1311856,1313623,1.770000,0.000242,2924,-2.339699,3353.300000,12572.600000,6.573950,17.195702
25,1313623,1317177,1319087,1.910000,0.000248,3206,-2.436239,3358.620000,12625.700000,5.955652,17.907935
26,1319087,1324528,1324539,0.010000,0.000285,2795,-2.910942,3365.970000,12700.100000,0.000219,17.560553
27,1324539,1327829,1329927,2.100000,0.000347,2161,-3.724017,3369.270000,12732.000000,6.063283,19.545547
28,1329927,1333487,1335373,1.890000,0.000338,2789,-3.620686,3374.930000,12788.500000,5.328128,19.255572
29,1335373,1339105,1340708,1.600000,0.000335,3085,-3.607515,3380.550000,12844.500000,5.701891,23.820985
30,1340708,1344624,1346454,1.830000,0.000349,3098,-3.804633,3386.070000,12899.600000,5.026188,20.749315
31,1346454,1350148,1352106,1.960000,0.000350,2978,-3.830831,3391.590000,12954.800000,5.096593,23.992764
32,1352106,1355900,1357514,1.620000,0.000367,2845,-4.075283,3397.340000,13012.100000,4.723858,25.403186
33,1357514,1361587,1363081,1.500000,0.000366,3274,-4.079403,3403.030000,13069.000000,5.312731,25.976386
34,1363081,1367371,1368894,1.520000,0.000383,3411,-4.328408,3408.820000,13126.500000,5.307948,24.759147
35,1368894,1373291,1374545,1.250000,0.000366,3636,-4.122274,3414.740000,13185.600000,5.277911,24.257491
36,1374545,1378594,1380266,1.670000,0.000374,3239,-4.254852,3420.040000,13238.400000,4.403534,30.668092
37,1380266,1384474,1386024,1.550000,0.000400,3157,-4.619726,3425.920000,13297.100000,4.472841,27.718163
38,1386024,1390028,1391876,1.850000,0.000411,2860,-4.793558,3431.470000,13352.500000,4.085745,24.734855
39,1391876,1395971,1397510,1.530000,0.000385,2956,-4.468792,3437.420000,13411.800000,4.416927,29.978935
40,1397510,1401614,1403196,1.580000,0.000398,3145,-4.664778,3443.060000,13468.000000,5.266826,28.818362
41,1403196,1407507,1408959,1.450000,0.000398,3294,-4.680944,3448.950000,13526.800000,4.832468,27.978206
42,1408959,1413233,1414843,1.610000,0.000401,3188,-4.748360,3454.680000,13583.800000,4.695728,26.315479
43,1414843,1418754,1420416,1.660000,0.000401,3070,-4.765401,3460.200000,13638.900000,5.220076,30.027808
44,1420416,1424674,1426102,1.430000,0.000418,3127,-5.030572,3466.120000,13698.200000,4.791863,33.040242
45,1426102,1430384,1432186,1.800000,0.000422,3443,-5.100124,3471.830000,13755.200000,4.039391,34.199484
46,1432186,1436336,1437938,1.600000,0.000427,3214,-5.197070,3477.780000,13814.600000,3.985507,33.523883
47,1437938,1442248,1443838,1.590000,0.000428,3285,-5.239667,3483.690000,13873.500000,5.135294,36.856704
48,1443838,1448189,1449643,1.460000,0.000438,3044,-5.398521,3489.630000,13932.600000,3.771360,33.033662
49,1449643,1454029,1455457,1.430000,0.000431,3327,-5.327694,3495.470000,13990.900000,4.808997,44.763972
50,1455457,1533557,1534185,0.630000,0.000460,3230,-5.765372,3575.000000,14102.000000,3.616150,955.175543
51,1534185,1551506,1552513,1.010000,0.000675,2728,-8.846458,3592.950000,14281.200000,4.054489,141.124041
52,1552513,1557839,1558649,0.810000,0.000598,3393,-7.863588,3599.280000,14344.000000,4.851949,308.529605
53,1558649,1564573,1565689,1.110000,0.000662,2627,-8.828289,3606.020000,14411.700000,2.913180,152.866273
54,1565689,1571017,1571997,0.980000,0.000584,3520,-7.748355,3612.460000,14475.900000,4.216830,81.685019
55,1571997,1576566,1577677,1.110000,0.000568,2494,-7.549996,3618.010000,14531.500000,4.923704,153.155346
56,1577677,1583121,1584195,1.070000,0.000587,3873,-7.860396,3624.570000,14596.900000,4.782663,61.955614
57,1584195,1588604,1589542,0.940000,0.000499,3179,-6.607456,3630.050000,14650.900000,4.245991,120.505263
58,1589542,1594969,1595950,0.980000,0.000580,3650,-7.827806,3636.410000,14714.100000,4.511634,53.753040
59,1595950,1600418,1601628,1.210000,0.000497,3357,-6.632644,3641.860000,14768.000000,4.790843,81.611534
60,1601628,1606484,1607697,1.210000,0.000565,3045,-7.673814,3647.930000,14828.700000,5.945198,86.029147
61,1607697,1612538,1613675,1.140000,0.000567,2906,-7.736942,3653.980000,14888.900000,3.602456,81.812514
62,1613675,1617291,1619725,2.430000,0.000554,3181,-7.571212,3658.740000,14936.100000,4.473320,84.277969
63,1619725,1624588,1625771,1.190000,0.000548,3337,-7.518060,3666.030000,15009.300000,4.192468,81.551047
64,1625771,1630598,1631807,1.210000,0.000549,3601,-7.565188,3672.040000,15069.500000,6.419103,68.566170
65,1631807,1636548,1637639,1.090000,0.000521,3701,-7.174618,3677.990000,15128.700000,1.426325,97.273554
66,1637639,1642517,1644023,1.510000,0.000574,3376,-8.013989,3683.960000,15188.200000,3.380308,51.011509
67,1644023,1648515,1649468,0.950000,0.000522,2496,-7.261166,3689.960000,15247.900000,3.973002,131.309061
68,1649468,1654868,1656166,1.300000,0.000594,3366,-8.383546,3696.310000,15311.200000,2.946695,87.400142
69,1656166,1661225,1662464,1.240000,0.000571,3284,-8.071823,3702.670000,15375.100000,7.495340,83.208902
70,1662464,1667417,1669012,1.600000,0.000548,3466,-7.750614,3708.860000,15437.200000,4.317241,47.739321
71,1669012,1673401,1674634,1.230000,0.000497,2861,-7.005010,3714.850000,15496.000000,2.442472,177.597941
72,1674634,1680277,1681550,1.270000,0.000624,2578,-8.997709,3721.720000,15564.500000,1.360801,62.204198
73,1681550,1686425,1687395,0.970000,0.000527,3494,-7.525250,3727.870000,15625.800000,4.046061,207.117663
74,1687395,1693310,1694618,1.310000,0.000584,4164,-8.453049,3734.750000,15694.500000,5.643377,92.613260
75,1694618,1699585,1700667,1.080000,0.000539,3622,-7.784518,3741.030000,15757.300000,4.101863,153.284846
76,1700667,1706555,1707608,1.050000,0.000599,3177,-8.778914,3748.000000,15826.800000,1.395136,178.560965
77,1707608,1713549,1714697,1.150000,0.000571,3954,-8.368629,3754.990000,15896.200000,9.597019,162.640311
78,1714697,1720271,1721254,0.980000,0.000611,3040,-9.051460,3761.720000,15963.800000,5.234119,158.200537
79,1721254,1726804,1727762,0.960000,0.000541,4142,-7.970463,3768.250000,16028.700000,4.354609,288.768168
80,1727762,1734100,1735099,1.000000,0.000584,4022,-8.691696,3775.540000,16101.400000,3.495730,278.379711
81,1735099,1741606,1742464,0.860000,0.000629,3642,-9.470275,3783.050000,16176.500000,9.026633,424.879518
82,1742464,1749192,1750293,1.100000,0.000622,3961,-9.391117,3790.640000,16251.900000,1.976843,321.728479
83,1750293,1756916,1757817,0.900000,0.000602,3869,-9.114370,3798.360000,16329.200000,1.562304,330.815813
84,1757817,1764059,1764951,0.900000,0.000592,4087,-9.008087,3805.500000,16400.500000,3.658164,396.706939
85,1764951,1771458,1772340,0.880000,0.000621,3894,-9.520106,3812.900000,16474.100000,2.326624,503.755022
86,1772340,1779060,1780103,1.050000,0.000598,4939,-9.195190,3820.500000,16550.300000,1.682752,576.700708
87,1780103,1786929,1787836,0.910000,0.000657,3378,-10.211858,3828.370000,16628.400000,-0.830196,609.907719
88,1787836,1794744,1795920,1.170000,0.000641,3712,-9.991095,3836.190000,16706.700000,2.748946,292.410526
89,1795920,1801958,1802752,0.800000,0.000651,2643,-10.207952,3843.400000,16778.700000,4.016561,576.363896
90,1802752,1809628,1810551,0.930000,0.000635,4196,-9.983082,3851.070000,16855.100000,5.310984,486.142536
91,1810551,1817264,1818123,0.860000,0.000620,4358,-9.780796,3858.710000,16930.200000,2.700034,593.907895
92,1818123,1825230,1825970,0.740000,0.000664,3446,-10.577086,3866.670000,17009.100000,7.160616,671.801250
93,1825970,1832927,1833911,0.990000,0.000673,3695,-10.786761,3874.370000,17086.000000,11.842136,544.936832
94,1833911,1840665,1841656,0.990000,0.000631,4395,-10.114953,3882.110000,17163.300000,3.125146,511.344147
95,1841656,1848110,1849057,0.950000,0.000631,4060,-10.157543,3889.550000,17237.800000,1.381052,493.991998
96,1849057,1855519,1856234,0.720000,0.000622,4082,-10.063927,3896.960000,17311.300000,0.039479,551.249506
97,1856234,1863122,1863966,0.840000,0.000642,4083,-10.441942,3904.570000,17387.300000,2.473558,563.099413
98,1863966,1870488,1871388,0.900000,0.000673,2803,-11.044219,3911.930000,17461.000000,1.991228,567.428164
99,1871388,1878070,1878951,0.890000,0.000633,4029,-10.393165,3919.510000,17536.900000,1.097230,388.753601
100,1878951,1885209,1886123,0.920000,0.000635,3526,-10.476723,3926.650000,17607.400000,4.553538,652.815359
101,1886123,1893013,1894052,1.040000,0.000686,2905,-11.416055,3934.460000,17685.300000,4.648190,436.062298
102,1894052,1900277,1901342,1.070000,0.000645,3366,-10.739964,3941.720000,17758.100000,5.189101,568.235927
103,1901342,1907878,1908874,1.000000,0.000655,3312,-10.974900,3949.320000,17833.800000,1.672733,569.774197
104,1908874,1915549,1916445,0.900000,0.000661,3428,-11.118196,3956.990000,17910.400000,4.766628,734.155717
105,1916445,1923569,1924393,0.830000,0.000658,3872,-11.124580,3965.010000,17990.300000,3.208654,681.172081
106,1924393,1931135,1931962,0.830000,0.000658,3694,-11.169231,3972.580000,18065.900000,0.683322,800.188491
107,1931962,1939113,1939985,0.870000,0.000653,4159,-11.136663,3980.560000,18145.500000,5.225486,805.806084
108,1939985,1946835,1947753,0.920000,0.000627,4975,-10.721985,3988.280000,18222.700000,4.418215,824.064474
109,1947753,1954582,1955509,0.920000,0.000660,3730,-11.355592,3996.030000,18300.300000,0.001944,601.703578
110,1955509,1962203,1963144,0.940000,0.000647,4169,-11.182304,4003.650000,18376.100000,2.763603,779.891927
111,1963144,1970111,1971017,0.900000,0.000666,3739,-11.576916,4011.560000,18455.000000,2.332415,712.347702
112,1971017,1977866,1978749,0.880000,0.000646,4185,-11.265110,4019.310000,18532.400000,3.055179,795.690420
113,1978749,1985717,1986614,0.900000,0.000650,3906,-11.391346,4027.160000,18611.100000,3.511990,768.214995
114,1986614,1993509,1994298,0.790000,0.000671,3784,-11.816538,4034.950000,18688.200000,0.435542,951.238785
115,1994298,2001362,2002187,0.820000,0.000666,4266,-11.784978,4042.810000,18767.000000,1.825596,1113.831233
116,2002187,2009559,2010618,1.060000,0.000652,5059,-11.571911,4051.000000,18848.800000,3.588520,794.964108
117,2010618,2017380,2018245,0.870000,0.000637,4628,-11.335443,4058.820000,18926.700000,2.785933,754.142888
118,2018245,2025158,2026218,1.060000,0.000661,3754,-11.846249,4066.600000,19004.200000,3.161099,456.115345
119,2026218,2032509,2033462,0.960000,0.000632,4259,-11.339244,4073.950000,19077.700000,4.476375,831.255768
120,2033462,2040599,2041334,0.740000,0.000659,4137,-11.915941,4082.040000,19158.200000,5.607281,610.316873
121,2041334,2048102,2048707,0.600000,0.000682,3159,-12.410966,4089.550000,19233.200000,2.154523,1033.136842
122,2048707,2055982,2056687,0.700000,0.000731,2860,-13.408692,4097.430000,19311.800000,2.576073,590.818383
123,2056687,2063261,2063965,0.700000,0.000756,1432,-13.936109,4104.710000,19384.500000,3.763910,674.666043
124,2063965,2070867,2071532,0.670000,0.000678,3850,-12.472022,4112.310000,19460.400000,2.110812,779.255201
125,2071532,2078563,2079188,0.620000,0.000734,2507,-13.624521,4120.010000,19537.100000,4.172514,638.459290
126,2079188,2086034,2086629,0.590000,0.000727,2374,-13.532142,4127.480000,19611.600000,1.394350,692.345797
127,2086629,2093564,2094193,0.630000,0.000719,2694,-13.431923,4135.010000,19686.900000,4.189423,729.149177
128,2094193,2101187,2101835,0.650000,0.000717,2784,-13.455654,4142.630000,19762.700000,0.325346,741.009117
129,2101835,2108760,2109423,0.670000,0.000698,3236,-13.123246,4150.200000,19838.100000,6.553061,831.996674
130,2109423,2116580,2117205,0.630000,0.000706,3826,-13.350132,4158.020000,19916.500000,0.763396,892.963554
131,2117205,2124257,2125014,0.760000,0.000742,2378,-14.118656,4165.700000,19993.300000,2.352773,805.684265
132,2125014,2131990,2132747,0.760000,0.000715,2966,-13.641641,4173.430000,20070.000000,0.165824,702.727744
133,2132747,2139501,2140118,0.610000,0.000701,2800,-13.399869,4180.950000,20145.300000,1.598507,792.426703
134,2140118,2147208,2147786,0.580000,0.000710,2983,-13.634666,4188.650000,20222.000000,1.296830,954.166814
135,2147786,2155021,2155603,0.580000,0.000745,2543,-14.399518,4196.470000,20299.900000,1.885377,1093.208269
136,2155603,2163052,2163705,0.650000,0.000713,3637,-13.814192,4204.500000,20380.000000,8.184153,991.128979
137,2163705,2170952,2171627,0.670000,0.000711,3489,-13.825170,4212.400000,20458.900000,2.409001,911.496979
138,2171627,2178684,2179524,0.840000,0.000735,2941,-14.374251,4220.130000,20536.100000,0.010694,741.678954
139,2179524,2186329,2187128,0.800000,0.000679,4184,-13.276835,4227.770000,20612.800000,3.198469,717.412337
140,2187128,2194157,2194809,0.650000,0.000709,3059,-13.949048,4235.600000,20690.600000,1.637655,821.732283
141,2194809,2201995,2202559,0.560000,0.000811,1221,-16.129290,4243.440000,20768.700000,2.903522,729.154646
142,2202559,2209547,2210356,0.810000,0.000742,1987,-14.751827,4250.990000,20844.200000,3.900318,639.978451
143,2210356,2217009,2217563,0.560000,0.000659,4085,-13.065430,4258.450000,20918.500000,5.093597,852.050036
144,2217563,2224852,2225612,0.760000,0.000726,2942,-14.529094,4266.300000,20997.000000,7.803822,1034.720298
145,2225612,2232990,2233728,0.740000,0.000682,4562,-13.651794,4274.430000,21078.100000,6.093887,893.524911
146,2233728,2240776,2241529,0.750000,0.000694,3610,-13.969443,4282.220000,21155.800000,4.578911,549.405456
147,2241529,2247914,2248893,0.980000,0.000685,3043,-13.826169,4289.360000,21227.900000,3.776656,574.679882
148,2248893,2255433,2255946,0.510000,0.000661,3993,-13.376769,4296.880000,21301.900000,4.711797,1014.139632
149,2255946,2263215,2264057,0.840000,0.000727,2922,-14.817986,4304.660000,21379.600000,2.139695,893.434632
150,2264057,2271445,2272054,0.610000,0.000710,3410,-14.531350,4312.890000,21461.400000,4.322350,801.379239
151,2272054,2279112,2279831,0.720000,0.000698,3512,-14.307893,4320.560000,21537.800000,4.202484,822.422852
152,2279831,2287041,2287615,0.570000,0.000703,3364,-14.477252,4328.490000,21616.900000,1.438971,791.683867
153,2305221,2548070,2548750,0.680000,0.000751,236988,-15.576595,4589.510000,21781.000000,0.330105,285.891037
154,2548750,2554239,2554997,0.760000,0.000605,4512,-12.492585,4595.680000,21841.500000,10.293928,436.560438
155,2554997,2560780,2561355,0.580000,0.000630,4285,-13.089185,4602.220000,21906.700000,1.113549,479.981449
156,2561355,2567326,2568071,0.750000,0.000643,4012,-13.417667,4608.770000,21972.000000,2.766560,565.904811
157,2568071,2574566,2575127,0.560000,0.000688,3128,-14.443934,4616.010000,22043.900000,4.550270,882.810273
158,2575127,2581981,2582755,0.770000,0.000693,4191,-14.611095,4623.430000,22118.000000,4.111036,519.480332
159,2582755,2589033,2589549,0.510000,0.000688,3181,-14.561465,4630.480000,22188.300000,3.913446,942.084150
160,2589549,2596869,2597496,0.630000,0.000768,2275,-16.391589,4638.310000,22266.700000,3.457327,767.118282
161,2597496,2604190,2604844,0.660000,0.000695,4062,-14.823713,4645.630000,22339.900000,6.783656,1035.318482
162,2604844,2612133,2612644,0.510000,0.000705,4487,-15.099163,4653.580000,22418.300000,3.649585,885.941222
163,2612644,2619745,2620374,0.630000,0.000714,3926,-15.336293,4661.190000,22494.300000,5.897081,920.952116
164,2620374,2627566,2628208,0.640000,0.000708,3695,-15.273207,4669.010000,22572.600000,6.062988,836.518160
165,2628208,2635226,2635851,0.630000,0.000676,4776,-14.593522,4676.670000,22649.200000,9.146396,925.850476
166,2635851,2642964,2643546,0.580000,0.000722,3665,-15.696459,4684.410000,22726.400000,2.843735,868.372724
167,2643546,2650378,2651054,0.680000,0.000667,4972,-14.507849,4691.820000,22800.400000,3.174568,696.248416
168,2651054,2657597,2658242,0.650000,0.000707,3308,-15.468492,4699.040000,22872.300000,4.262492,856.797357
169,2658242,2665271,2665917,0.640000,0.000677,4325,-14.829643,4706.720000,22948.900000,4.487675,436.764845
170,2665917,2672042,2672571,0.530000,0.000655,3824,-14.359694,4713.490000,23016.400000,2.771229,959.906649
171,2672571,2679989,2680432,0.450000,0.000741,2905,-16.385657,4721.430000,23096.000000,4.186848,771.188340
172,2680432,2687572,2688171,0.600000,0.000684,4143,-15.135554,4729.020000,23171.400000,7.026610,903.344512
173,2688171,2695040,2695959,0.920000,0.000703,3902,-15.634308,4736.480000,23246.400000,5.075086,697.813624
174,2695959,2702572,2703276,0.700000,0.000696,3616,-15.507906,4744.020000,23321.400000,5.409890,1007.685903
175,2703276,2710579,2711404,0.830000,0.000744,3214,-16.686239,4752.020000,23401.200000,5.057614,960.904177
176,2711404,2718556,2719214,0.660000,0.000716,3805,-16.102050,4760.000000,23480.700000,5.353603,976.417180
177,2719214,2726541,2727213,0.670000,0.000706,3911,-15.906876,4767.990000,23560.000000,9.598058,771.963554
178,2727213,2733936,2734627,0.690000,0.000755,2374,-17.132022,4775.380000,23633.700000,11.655897,932.098806
179,2734627,2741577,2742380,0.800000,0.000685,4397,-15.533186,4783.020000,23710.600000,1.050227,964.643161
180,2742380,2749578,2750396,0.820000,0.000687,4516,-15.626525,4791.020000,23790.400000,2.490818,325.620700
181,2750396,2756387,2756899,0.510000,0.000649,3851,-14.764964,4797.830000,23858.200000,8.994993,871.847247
182,2756899,2764004,2764742,0.740000,0.000703,3670,-16.105243,4805.450000,23933.900000,2.727917,632.489796
183,2764742,2771333,2771959,0.620000,0.000678,3705,-15.575511,4812.780000,24007.500000,2.526519,940.669007
184,2771959,2779230,2779865,0.640000,0.000735,3280,-16.982682,4820.670000,24086.100000,1.999663,732.986315
185,2779865,2786580,2787378,0.800000,0.000662,4555,-15.282741,4828.020000,24159.500000,1.065100,837.044937
186,2787378,2794537,2795142,0.610000,0.000692,4211,-16.067085,4835.980000,24238.900000,0.060917,778.313976
187,2795142,2802337,2802914,0.580000,0.000666,4401,-15.492097,4843.780000,24316.600000,1.875128,837.938640
188,2802914,2810052,2810627,0.570000,0.000706,3655,-16.500657,4851.500000,24393.400000,2.665838,947.201704
189,2810627,2817974,2818603,0.630000,0.000725,3385,-17.028080,4859.420000,24472.600000,5.570516,725.831506
190,2818603,2825595,2826466,0.870000,0.000656,4779,-15.392169,4867.040000,24548.400000,5.247581,582.350420
191,2826466,2832930,2833489,0.560000,0.000658,3983,-15.501119,4874.370000,24621.400000,3.625479,637.861342
192,2833489,2840464,2841036,0.570000,0.000684,3663,-16.185301,4881.910000,24696.700000,1.783197,877.658606
193,2841036,2848334,2848977,0.640000,0.000717,3456,-17.050083,4889.780000,24775.100000,1.720104,837.951829
194,2848977,2856037,2856711,0.680000,0.000678,4493,-16.148506,4897.480000,24852.000000,4.520819,609.981149
195,2856711,2863343,2863929,0.580000,0.000675,3979,-16.116381,4904.790000,24925.200000,3.793984,948.062227
196,2863929,2871160,2871862,0.710000,0.000673,4613,-16.113710,4912.600000,25003.000000,4.295309,752.236059
197,2871862,2878960,2879484,0.530000,0.000675,4382,-16.203893,4920.400000,25080.900000,3.405694,672.900354
198,2879484,2886242,2886803,0.560000,0.000646,5089,-15.530116,4927.690000,25153.800000,4.361585,716.030594
199,2886803,2893568,2894300,0.730000,0.000691,3642,-16.720402,4935.010000,25227.200000,2.973390,775.753678
200,2894300,2901412,2902114,0.700000,0.000674,4251,-16.335783,4942.860000,25305.200000,1.988813,713.789698
201,2902114,2909255,2909826,0.570000,0.000676,4331,-16.434406,4950.700000,25383.300000,3.169694,563.376162
202,2909826,2916561,2917082,0.520000,0.000649,4605,-15.816048,4958.010000,25456.000000,3.181674,712.158655
203,2917082,2923928,2924552,0.630000,0.000668,4476,-16.354049,4965.370000,25529.500000,2.735965,610.115625
204,2924552,2931324,2931921,0.600000,0.000676,4015,-16.586754,4972.770000,25603.700000,1.209456,480.537454
205,2931921,2938395,2939053,0.660000,0.000643,4671,-15.788481,4979.840000,25673.700000,5.839442,916.231741
206,2939053,2946573,2947188,0.610000,0.000692,4262,-17.101321,4988.020000,25755.700000,2.820698,518.325771
207,2947188,2953858,2954612,0.760000,0.000624,5040,-15.402203,4995.300000,25827.600000,4.261193,537.210294
208,2954612,2961178,2961828,0.650000,0.000645,4387,-16.006705,5002.620000,25900.900000,5.332891,471.570404
209,2961828,2968461,2969090,0.620000,0.000600,5736,-14.868771,5009.910000,25973.600000,3.793638,609.057438
210,2969090,2975862,2976607,0.740000,0.000651,4926,-16.247041,5017.310000,26047.300000,8.229317,594.784085
211,2976607,2983410,2984152,0.750000,0.000627,5326,-15.668946,5024.850000,26122.600000,3.650729,250.017768
212,2984152,2990530,2991116,0.590000,0.000574,5701,-14.331732,5031.970000,26193.700000,0.012711,581.831707
213,2991116,2997580,2998701,1.130000,0.000643,5283,-16.183508,5039.020000,26264.400000,3.519834,298.501637
214,2998701,3005084,3005789,0.700000,0.000600,5208,-15.106550,5046.530000,26338.800000,5.022430,374.899979
215,3005789,3012057,3012810,0.750000,0.000620,4994,-15.661718,5053.500000,26408.400000,2.843002,343.641405
216,3012810,3018859,3019580,0.720000,0.000657,3372,-16.694275,5060.300000,26476.300000,6.844850,403.869480
217,3019580,3025849,3026592,0.750000,0.000703,2613,-17.941984,5067.290000,26546.300000,3.640926,483.734045
218,3026592,3033205,3033932,0.730000,0.000662,3704,-16.916738,5074.650000,26619.700000,2.823939,335.793202
219,3033932,3040137,3040706,0.570000,0.000678,3098,-17.385768,5081.580000,26688.600000,3.675657,832.341378
220,3040706,3047877,3048603,0.730000,0.000702,3516,-18.080636,5089.320000,26765.900000,3.403913,434.487586
221,3048603,3054908,3055484,0.580000,0.000653,3962,-16.805531,5096.350000,26835.800000,2.625016,691.562442
222,3055484,3062578,3063293,0.720000,0.000694,3826,-17.971922,5104.020000,26912.400000,2.744053,453.925654
223,3063293,3069517,3070328,0.810000,0.000631,4300,-16.308652,5110.960000,26981.900000,3.069974,339.654478
224,3070328,3076428,3076947,0.520000,0.000612,4682,-15.844744,5117.870000,27051.000000,5.553510,631.188805
225,3076947,3083569,3084280,0.710000,0.000634,5093,-16.495898,5125.010000,27122.100000,2.976642,582.600593
226,3084280,3091268,3091978,0.710000,0.000636,5015,-16.592538,5132.710000,27198.900000,1.862500,391.275918
227,3091978,3098105,3098780,0.670000,0.000597,4990,-15.570356,5139.550000,27267.300000,3.171060,443.778622
228,3098780,3105311,3105897,0.580000,0.000632,4774,-16.574965,5146.760000,27338.900000,2.422789,598.265342
229,3105897,3113250,3113771,0.530000,0.000647,4877,-17.026106,5154.690000,27418.300000,3.713101,683.533565
230,3113771,3120352,3121062,0.710000,0.000680,4072,-17.976576,5161.800000,27489.100000,3.029710,540.737693
231,3121062,3127570,3128327,0.760000,0.000688,3520,-18.256547,5169.010000,27561.200000,4.393146,586.667349
232,3128327,3135035,3135625,0.590000,0.000704,3183,-18.753427,5176.480000,27635.500000,1.574820,540.044513
233,3135625,3142149,3142762,0.620000,0.000657,4000,-17.486040,5183.590000,27706.600000,2.383062,473.563864
234,3142762,3149460,3150088,0.630000,0.000705,2764,-18.873714,5190.900000,27779.400000,2.895995,583.779820
235,3150088,3156730,3157477,0.750000,0.000707,3080,-18.980341,5198.170000,27852.000000,4.505862,386.970798
236,3157477,3163794,3164508,0.710000,0.000645,3709,-17.312160,5205.240000,27922.600000,2.971933,457.990362
237,3164508,3171092,3171688,0.590000,0.000694,2662,-18.703319,5212.540000,27995.500000,4.724548,308.242536
238,3171688,3177446,3178180,0.730000,0.000619,3893,-16.674601,5218.890000,28059.000000,5.099638,344.706343
239,3178180,3184237,3184995,0.760000,0.000651,3583,-17.614476,5225.680000,28126.800000,11.769020,359.495643
240,3184995,3191305,3191964,0.660000,0.000637,4070,-17.255705,5232.750000,28197.300000,2.108498,593.087741
241,3191964,3198804,3199369,0.560000,0.000651,4547,-17.687038,5240.250000,28272.100000,1.760043,580.028114
242,3199369,3206070,3206747,0.680000,0.000702,3054,-19.187709,5247.510000,28344.500000,6.433838,602.016728
243,3206747,3213672,3214699,1.020000,0.000687,3857,-18.817442,5255.120000,28420.300000,3.231926,389.920489
244,3214699,3220532,3221256,0.720000,0.000863,1134,-23.869932,5261.980000,28488.900000,3.277162,550.408731
245,3221256,3228001,3228594,0.590000,0.000636,4697,-17.456822,5269.450000,28563.500000,7.082792,521.841574
246,3228594,3235189,3235777,0.590000,0.000645,4548,-17.770749,5276.630000,28634.900000,2.391515,456.132106
247,3235777,3242047,3242800,0.750000,0.000623,4517,-17.170799,5283.490000,28703.400000,3.642726,591.505788
248,3242800,3249569,3250345,0.780000,0.000658,4625,-18.221038,5291.010000,28778.600000,1.417671,252.144907
249,3250345,3256335,3257049,0.710000,0.000586,4954,-16.193938,5297.780000,28845.800000,6.024755,503.918300
250,3257049,3263563,3264285,0.720000,0.000620,5006,-17.235297,5305.010000,28918.100000,3.573392,323.848039
251,3264285,3270610,3271361,0.760000,0.000577,5472,-16.026357,5312.050000,28988.500000,1.851226,456.602740
252,3271361,3277886,3278536,0.650000,0.000611,5148,-17.052886,5319.330000,29060.900000,1.593656,340.639674
253,3278536,3285185,3285764,0.580000,0.000545,6002,-15.174602,5326.630000,29133.600000,3.798428,664.197939
254,3285764,3292850,3293627,0.780000,0.000552,5409,-15.419639,5334.290000,29210.100000,4.696984,332.574442
255,3293627,3300007,3300711,0.710000,0.000534,4943,-14.939569,5341.450000,29281.800000,5.698416,428.819696
256,3300711,3306891,3307651,0.760000,0.000542,4794,-15.195074,5348.340000,29350.500000,5.604624,242.266326
257,3307651,3313369,3314138,0.770000,0.000519,4871,-14.559071,5354.810000,29415.100000,5.560193,329.735539
258,3314138,3320115,3320924,0.810000,0.000535,4655,-15.064017,5361.560000,29482.400000,6.510235,159.003797
259,3320924,3326465,3327048,0.580000,0.000497,4533,-13.982618,5367.910000,29545.800000,1.762975,386.009692
260,3327048,3333418,3334071,0.660000,0.000540,4936,-15.294361,5374.860000,29615.100000,2.326726,511.851912
261,3334071,3340830,3341606,0.780000,0.000546,5025,-15.512131,5382.270000,29688.800000,8.885804,193.280945
262,3341606,3347585,3348142,0.560000,0.000499,4968,-14.150133,5389.030000,29756.200000,4.221195,439.092851
263,3348142,3354601,3355230,0.620000,0.000553,4780,-15.800453,5396.050000,29826.800000,4.113185,515.124911
264,3355230,3361815,3362621,0.810000,0.000555,5039,-15.885473,5403.260000,29898.200000,1.183952,359.690175
265,3362621,3368897,3369666,0.770000,0.000544,4597,-15.597066,5410.340000,29969.100000,4.165822,238.833929
266,3369666,3375513,3376104,0.590000,0.000497,4844,-14.239335,5416.960000,30035.000000,0.817747,543.000103
267,3376104,3383040,3383767,0.730000,0.000554,5212,-15.984118,5424.480000,30110.100000,5.493401,252.084579
268,3383767,3389593,3390301,0.710000,0.000527,4744,-15.211814,5431.040000,30175.700000,4.465554,419.732676
269,3390301,3396607,3397297,0.690000,0.000558,4779,-16.162794,5438.050000,30245.600000,1.995209,338.292135
270,3397297,3403225,3403916,0.690000,0.000522,4900,-15.116712,5444.670000,30311.800000,3.153863,374.666257
271,3403916,3410050,3410660,0.610000,0.000531,4849,-15.421023,5451.490000,30379.900000,2.963883,326.933142
272,3410660,3416803,3417456,0.650000,0.000536,4867,-15.605456,5458.250000,30447.200000,2.446513,503.433603
273,3417456,3423906,3424668,0.760000,0.000546,5278,-15.949806,5465.350000,30518.600000,3.212369,223.469359
274,3424668,3430313,3431009,0.690000,0.000505,4832,-14.728445,5471.760000,30582.200000,2.716665,526.186979
275,3431009,3437572,3438429,0.850000,0.000554,5254,-16.267711,5479.020000,30654.400000,5.501581,198.679000
276,3438429,3444041,3444779,0.730000,0.000515,4834,-15.113213,5485.490000,30719.200000,5.199819,482.531375
277,3444779,3451283,3452008,0.720000,0.000567,4798,-16.748332,5492.730000,30791.500000,6.718688,320.845926
278,3452008,3457873,3458542,0.670000,0.000541,4891,-15.982271,5499.320000,30857.300000,4.092398,386.079655
279,3458542,3464576,3465131,0.560000,0.000550,4758,-16.301731,5506.020000,30924.700000,3.279533,427.732050
280,3465131,3471340,3471910,0.570000,0.000566,4843,-16.850644,5512.780000,30991.700000,2.487570,444.702973
281,3471910,3478321,3478998,0.670000,0.000542,5381,-16.143517,5519.770000,31061.100000,4.277533,314.290898
282,3478998,3484838,3485378,0.540000,0.000534,4843,-15.909015,5526.280000,31127.100000,3.518622,514.370660
283,3485378,3492079,3492717,0.640000,0.000556,5328,-16.658782,5533.520000,31198.500000,0.358640,507.686019
284,3492717,3499120,3499770,0.650000,0.000552,5193,-16.547031,5540.560000,31268.900000,2.772567,545.317173
285,3499770,3506393,3507054,0.660000,0.000552,5218,-16.597231,5547.840000,31341.100000,1.462042,658.490082
286,3507054,3514087,3514690,0.600000,0.000573,5358,-17.296832,5555.530000,31418.000000,0.007637,516.613293
287,3514690,3521267,3521969,0.700000,0.000560,5182,-16.921793,5562.710000,31489.500000,5.647343,411.737099
288,3521969,3528197,3528956,0.760000,0.000545,5258,-16.494047,5569.640000,31558.800000,1.235747,397.105810
289,3528956,3535168,3535875,0.710000,0.000557,5143,-16.901424,5576.610000,31628.400000,3.586433,506.374222
290,3535875,3542267,3542938,0.670000,0.000567,4928,-17.261434,5583.710000,31699.200000,2.400436,341.422304
291,3542938,3549010,3549679,0.670000,0.000547,4942,-16.681898,5590.450000,31766.500000,3.416709,387.003167
292,3549679,3555674,3556328,0.650000,0.000558,4867,-17.058227,5597.120000,31833.300000,3.488788,720.233801
293,3556328,3563420,3564215,0.800000,0.000571,5580,-17.525233,5604.860000,31910.200000,3.000785,296.525804
294,3564215,3570189,3570715,0.530000,0.000527,5076,-16.163052,5611.630000,31978.000000,1.069417,590.831626
295,3570715,3577584,3578160,0.570000,0.000571,5292,-17.586584,5619.030000,32051.700000,5.365411,402.030601
296,3578160,3584051,3584770,0.710000,0.000538,4896,-16.567108,5625.500000,32116.300000,12.343478,486.585830
297,3584770,3591304,3591891,0.590000,0.000553,5387,-17.098381,5632.750000,32188.700000,2.790534,614.937462
298,3591891,3598584,3599130,0.540000,0.000583,5188,-18.113342,5640.030000,32261.400000,3.550463,735.759267
299,3599130,3605933,3606565,0.630000,0.000590,5294,-18.388077,5647.380000,32335.000000,0.010555,520.981630
300,3606565,3612845,3613413,0.570000,0.000555,5209,-17.267695,5654.290000,32403.900000,0.330725,603.731291
301,3613413,3619882,3620504,0.620000,0.000578,5098,-18.064690,5661.330000,32474.100000,0.283135,461.875115
302,3620504,3626549,3627239,0.690000,0.000549,5022,-17.179068,5667.990000,32540.500000,3.614738,438.889616
303,3627239,3633482,3634037,0.550000,0.000565,5181,-17.711800,5674.930000,32609.300000,3.367311,678.784474
304,3634037,3640703,3641320,0.610000,0.000585,5254,-18.407911,5682.150000,32681.200000,0.014950,797.377196
305,3641320,3648166,3648879,0.710000,0.000592,5133,-18.682068,5689.610000,32756.000000,4.176504,466.659514
306,3648879,3655081,3655607,0.520000,0.000575,4840,-18.176379,5696.530000,32825.000000,2.541413,633.358275
307,3655607,3662215,3662789,0.570000,0.000588,5126,-18.623480,5703.660000,32896.000000,4.398141,486.834481
308,3662789,3669097,3669682,0.590000,0.000571,5163,-18.120270,5710.540000,32964.700000,0.242984,556.656864
309,3669682,3676058,3676913,0.860000,0.000572,5385,-18.204736,5717.500000,33035.200000,4.096971,291.471342
310,3676913,3682833,3683331,0.500000,0.000566,4638,-18.018764,5724.280000,33102.900000,9.007817,438.833935
311,3683331,3689574,3690194,0.620000,0.000574,5210,-18.320490,5731.020000,33169.200000,1.781912,608.658200
312,3690194,3697007,3697517,0.510000,0.000572,5551,-18.311602,5738.450000,33243.100000,1.903325,633.147810
313,3697517,3704069,3704666,0.600000,0.000592,5069,-19.006692,5745.510000,33314.600000,3.595679,592.409269
314,3704666,3711108,3711686,0.580000,0.000581,5378,-18.688310,5752.550000,33384.000000,3.466013,598.998452
315,3711686,3718014,3718646,0.630000,0.000572,5314,-18.420476,5759.460000,33452.900000,3.492950,342.510848
316,3718646,3724510,3725090,0.580000,0.000550,4911,-17.723323,5765.950000,33517.800000,3.094136,481.504753
317,3725090,3731527,3732174,0.650000,0.000572,5166,-18.493577,5772.970000,33587.700000,1.237602,361.667363
318,3732174,3738209,3738838,0.630000,0.000554,5059,-17.953972,5779.650000,33654.400000,0.100281,389.401377
319,3738838,3745065,3745653,0.590000,0.000569,4782,-18.478911,5786.510000,33723.000000,1.939765,441.355870
320,3745653,3751853,3752400,0.540000,0.000568,4966,-18.492808,5793.300000,33790.600000,4.027957,595.835621
321,3752400,3759068,3759567,0.500000,0.000592,5073,-19.338035,5800.510000,33862.600000,3.464482,581.890488
322,3759567,3766889,3766954,0.070000,0.000585,5410,-19.153872,5808.330000,33940.400000,-0.001789,494.463228
323,3766954,3772743,3773282,0.540000,0.002055,1075,-69.110549,5814.190000,33999.200000,0.025806,574.832180
324,3773282,3779713,3780291,0.580000,0.000708,4519,-23.396952,5821.160000,34068.600000,9.320282,749.598836
325,3780291,3786982,3787506,0.520000,0.000740,4237,-24.545574,5828.430000,34141.200000,2.747654,711.834356
326,3787506,3794099,3794617,0.520000,0.000737,4040,-24.490691,5835.540000,34212.000000,4.348996,775.154899
327,3794617,3801450,3802035,0.590000,0.000771,3570,-25.724662,5842.890000,34285.600000,1.126160,719.720504
328,3802035,3808623,3809227,0.600000,0.000746,3907,-24.911312,5850.070000,34357.000000,3.639345,664.697573
329,3809227,3814935,3816147,1.210000,0.000732,4178,-24.481491,5856.380000,34420.100000,2.977234,865.015815
330,3816147,3823064,3823612,0.550000,0.000754,4624,-25.320624,5864.510000,34501.400000,3.723392,752.755408
331,3823612,3830416,3830900,0.480000,0.000765,3956,-25.753091,5871.860000,34575.000000,1.470962,672.913133
332,3830900,3837273,3837823,0.550000,0.000727,4494,-24.464951,5878.720000,34643.300000,0.102875,761.815010
333,3837823,3844452,3845047,0.590000,0.000734,4382,-24.782269,5885.900000,34714.600000,2.437178,711.938012
334,3845047,3851452,3852134,0.680000,0.000730,4279,-24.691109,5892.900000,34784.500000,3.029737,652.711634
335,3852134,3858525,3859152,0.630000,0.000715,4386,-24.208922,5899.970000,34855.200000,0.276619,688.046461
336,3859152,3865840,3866393,0.560000,0.000734,4084,-24.938845,5907.280000,34928.100000,4.568447,634.267546
337,3866393,3872970,3873522,0.560000,0.000705,4845,-23.953907,5914.410000,34999.300000,0.320310,600.607494
338,3873522,3879983,3880620,0.630000,0.000724,4062,-24.692069,5921.430000,35069.700000,4.172040,378.593383
339,3880620,3886575,3887274,0.700000,0.000692,3853,-23.615938,5928.020000,35135.000000,4.873123,400.697594
340,3887274,3893373,3894066,0.690000,0.000705,3888,-24.126701,5934.820000,35202.800000,1.336841,369.384154
341,3894066,3900364,3900987,0.620000,0.000693,4224,-23.739645,5941.810000,35272.800000,1.963484,513.331034
342,3900987,3907455,3907998,0.540000,0.000680,4996,-23.333968,5948.900000,35343.500000,0.705976,340.640072
343,3907998,3913895,3914510,0.610000,0.000707,3576,-24.318231,5955.340000,35407.700000,2.757471,514.709725
344,3914510,3920632,3921266,0.630000,0.000684,4762,-23.563015,5962.080000,35474.900000,3.956759,363.021559
345,3921266,3927122,3927647,0.520000,0.000720,3207,-24.891508,5968.570000,35540.500000,-0.005849,694.015755
346,3927647,3934185,3934698,0.510000,0.000865,1918,-30.071837,5975.630000,35610.000000,1.479275,788.364434
347,3934698,3941407,3941999,0.590000,0.000760,3584,-26.416075,5982.850000,35681.900000,1.074909,775.914261
348,3941999,3948562,3949087,0.520000,0.000716,4594,-24.904691,5990.010000,35753.500000,1.589793,685.103902
349,3949087,4074163,4074445,0.280000,0.000736,4178,-25.667212,6115.610000,35852.500000,2.902712,1432.184986
350,4074445,4080346,4080821,0.480000,0.000574,5433,-19.904740,6121.790000,35913.700000,8.339287,502.588493
351,4080821,4086222,4086752,0.530000,0.000561,4659,-19.474155,6127.670000,35972.500000,2.177167,676.241111
352,4086752,4092570,4093249,0.680000,0.000604,4738,-21.056840,6134.010000,36036.100000,4.571270,609.243279
353,4093249,4098918,4099745,0.830000,0.000610,4644,-21.324469,6140.360000,36099.600000,3.578516,540.046761
354,4099745,4105772,4106247,0.470000,0.000612,4628,-21.417529,6147.220000,36167.400000,0.003690,972.246806
355,4106247,4113186,4113650,0.460000,0.000636,5311,-22.342291,6154.630000,36241.900000,0.186537,959.936994
356,4113650,4120246,4120878,0.630000,0.000643,4922,-22.651531,6161.690000,36312.000000,4.128313,547.418549
357,4120878,4126768,4127236,0.470000,0.000599,4608,-21.086369,6168.210000,36377.500000,2.905024,688.232024
358,4127236,4133396,4133914,0.520000,0.000611,4868,-21.564485,6174.840000,36443.800000,3.795721,653.690947
359,4133914,4140090,4140563,0.480000,0.000609,4676,-21.517332,6181.530000,36510.500000,3.283478,664.745309
360,4140563,4146864,4147295,0.430000,0.000616,4753,-21.840898,6188.310000,36578.000000,7.443836,772.326575
361,4147295,4153585,4154177,0.590000,0.000615,5086,-21.840021,6195.030000,36644.900000,3.319507,698.540487
362,4154177,4160472,4160959,0.480000,0.000618,4931,-21.977422,6201.920000,36713.800000,2.698912,838.326900
363,4160959,4167553,4168113,0.560000,0.000627,4992,-22.347845,6209.000000,36784.300000,3.552238,606.348178
364,4168113,4174020,4174593,0.580000,0.000597,4869,-21.293698,6215.460000,36849.100000,4.201056,675.300142
365,4174593,4180948,4181493,0.550000,0.000600,5394,-21.438377,6222.390000,36917.800000,2.237225,739.685580
366,4181493,4187880,4188312,0.440000,0.000612,4758,-21.944628,6229.320000,36987.500000,3.865609,856.221251
367,4188312,4194764,4195373,0.610000,0.000623,4922,-22.387822,6236.210000,37055.700000,2.597606,881.228813
368,4195373,4201847,4202582,0.740000,0.000628,4959,-22.619383,6243.290000,37127.000000,4.474986,882.588622
369,4202582,4208968,4209653,0.690000,0.000615,4934,-22.187290,6250.410000,37197.700000,4.864181,867.524830
370,4209653,4216250,4216882,0.640000,0.000616,4908,-22.274780,6257.690000,37270.800000,3.790150,674.939849
371,4216882,4223194,4223634,0.440000,0.000620,4706,-22.454102,6264.640000,37339.400000,2.924703,874.857456
372,4223634,4230033,4230522,0.490000,0.000635,4690,-23.044199,6271.480000,37408.300000,0.548340,953.682689
373,4230522,4236835,4237593,0.760000,0.000627,5059,-22.784901,6278.280000,37476.100000,3.481190,814.319467
374,4237593,4243803,4244377,0.570000,0.000618,4778,-22.494506,6285.250000,37545.700000,4.586765,694.319431
375,4244377,4250517,4251070,0.550000,0.000601,4907,-21.912690,6291.960000,37612.600000,4.068983,775.374341
376,4251070,4257502,4258012,0.510000,0.000608,5042,-22.200186,6298.950000,37681.800000,1.204373,656.539425
377,4258012,4264239,4264788,0.550000,0.000600,4914,-21.937783,6305.680000,37749.500000,4.673178,463.095416
378,4264788,4270590,4271081,0.500000,0.000582,4671,-21.294472,6312.030000,37812.800000,1.006920,812.259831
379,4271081,4277586,4278174,0.590000,0.000610,4814,-22.412868,6319.030000,37882.600000,2.648274,618.938758
380,4278174,4284343,4284785,0.440000,0.000610,4539,-22.432667,6325.790000,37949.600000,5.549960,856.597943
381,4284785,4291423,4291951,0.530000,0.000627,4846,-23.131269,6332.870000,38020.700000,2.344571,553.514533
382,4291951,4298026,4298406,0.380000,0.000603,4575,-22.279603,6339.470000,38086.700000,5.919390,813.210624
383,4298406,4304590,4305211,0.630000,0.000637,4162,-23.585243,6346.030000,38152.000000,5.537852,761.089358
384,4305211,4311562,4312141,0.580000,0.000611,4875,-22.650917,6353.010000,38221.700000,2.112172,708.293365
385,4312141,4318216,4318884,0.670000,0.000593,5229,-21.994577,6359.660000,38288.400000,9.561359,820.764616
386,4318884,4325332,4325848,0.510000,0.000607,5289,-22.592691,6366.780000,38359.000000,0.241305,580.007010
387,4325848,4331874,4332293,0.420000,0.000618,4592,-23.031795,6373.320000,38424.800000,4.850086,917.727203
388,4332293,4338604,4339315,0.710000,0.000623,5001,-23.297954,6380.050000,38491.700000,2.229731,531.295716
389,4339315,4345280,4345770,0.490000,0.000588,4443,-21.988239,6386.720000,38557.800000,10.372143,743.429449
390,4345770,4352335,4352909,0.570000,0.000603,5126,-22.574279,6393.780000,38628.200000,0.766031,450.245905
391,4352909,4358914,4359447,0.530000,0.000598,4655,-22.429251,6400.360000,38694.000000,0.037037,696.061383
392,4359447,4365902,4366279,0.370000,0.000602,5119,-22.647045,6407.350000,38764.000000,11.396412,660.038945
393,4366279,4372313,4372782,0.470000,0.000599,4603,-22.554701,6413.760000,38827.600000,1.984223,627.422315
394,4372782,4378914,4379379,0.460000,0.000600,4779,-22.619912,6420.360000,38893.400000,2.162506,817.893377
395,4379379,4385929,4386436,0.510000,0.000625,4992,-23.643111,6427.370000,38963.400000,1.538907,921.126724
396,4386436,4392955,4393414,0.460000,0.000644,4835,-24.451561,6434.400000,39033.800000,0.119782,781.058618
397,4393414,4399689,4400108,0.420000,0.000614,4788,-23.319758,6441.130000,39100.900000,6.666405,705.728070
398,4400108,4406441,4406898,0.450000,0.000614,4968,-23.339225,6447.890000,39168.200000,4.712395,916.707787
399,4406898,4413477,4413896,0.420000,0.000627,4792,-23.886040,6454.920000,39238.600000,5.865017,934.255771
400,4413896,4420400,4421075,0.680000,0.000630,4689,-24.048372,6461.840000,39308.200000,3.924554,967.963198
401,4421075,4428043,4428445,0.400000,0.000644,5112,-24.664164,6469.490000,39383.800000,4.353580,927.540532
402,4428445,4435012,4435465,0.450000,0.000634,4915,-24.293103,6476.460000,39453.300000,5.439112,956.194557
403,4435465,4442116,4442561,0.450000,0.000629,5125,-24.138589,6483.560000,39524.700000,2.310542,929.811981
404,4442561,4449200,4449548,0.350000,0.000652,4541,-25.117702,6490.640000,39595.000000,3.911995,1128.053409
405,4449548,4456579,4457037,0.460000,0.000639,5574,-24.658210,6498.020000,39668.600000,3.902907,1038.264258
406,4457037,4463574,4464152,0.580000,0.000645,4956,-24.942350,6505.020000,39739.100000,3.071522,706.390361
407,4464152,4470248,4470781,0.540000,0.000619,4672,-23.936047,6511.690000,39805.300000,3.704987,657.666192
408,4470781,4476745,4477276,0.530000,0.000628,4340,-24.343430,6518.190000,39869.900000,2.776307,956.064870
409,4477276,4484004,4484433,0.430000,0.000635,5201,-24.647035,6525.450000,39942.200000,2.591939,785.343518
410,4484433,4490347,4491145,0.800000,0.000622,4945,-24.202788,6531.790000,40006.300000,1.713187,484.717434
411,4491145,4497026,4497385,0.360000,0.000594,4437,-23.094578,6538.470000,40072.700000,6.441431,709.546222
412,4497385,4503580,4504039,0.460000,0.000611,4927,-23.808874,6545.020000,40138.100000,8.608967,514.772408
413,4504039,4509598,4510155,0.560000,0.000588,4526,-22.922195,6551.040000,40197.900000,3.394158,531.110331
414,4510155,4515878,4516343,0.470000,0.000586,4734,-22.874872,6557.320000,40260.400000,3.424543,568.863726
415,4516343,4522226,4522673,0.450000,0.000605,4474,-23.711186,6563.670000,40323.700000,8.909929,700.039864
416,4522673,4528900,4529471,0.580000,0.000625,4643,-24.561011,6570.340000,40390.000000,0.136273,352.116552
417,4529471,4534930,4535459,0.530000,0.000583,4380,-22.884446,6576.370000,40450.500000,3.168028,597.549628
418,4535459,4541483,4541991,0.510000,0.000598,4777,-23.514168,6582.930000,40516.000000,0.077283,520.991584
419,4541991,4547598,4548222,0.630000,0.000603,4546,-23.758585,6589.040000,40577.100000,3.132250,638.465406
420,4548222,4554578,4555169,0.590000,0.000632,4692,-24.981532,6596.020000,40646.900000,2.405362,541.488585
421,4555169,4561044,4561724,0.680000,0.000629,4437,-24.906609,6602.490000,40711.900000,10.102945,809.962545
422,4561724,4568191,4568621,0.430000,0.000637,4842,-25.289918,6609.640000,40782.400000,5.797138,878.159300
423,4568621,4575207,4575598,0.390000,0.000645,4760,-25.661164,6616.650000,40852.500000,7.405053,1018.473269
424,4575598,4582258,4582712,0.460000,0.000640,5114,-25.478132,6623.700000,40922.900000,3.735157,948.406787
425,4582712,4589273,4589693,0.420000,0.000651,4798,-26.002352,6630.720000,40992.900000,5.080142,1025.296943
426,4589693,4596481,4596912,0.430000,0.000659,4698,-26.346204,6637.930000,41064.800000,1.762250,971.032794
427,4596912,4603598,4604019,0.420000,0.000668,4397,-26.769485,6645.040000,41136.000000,5.673527,1013.727203
428,4604019,4610603,4611174,0.570000,0.000641,4932,-25.708099,6652.050000,41206.100000,2.196225,698.564091
429,4611174,4617380,4617810,0.430000,0.000633,4776,-25.419985,6658.820000,41273.400000,4.532021,609.735394
430,4617810,4623867,4624334,0.470000,0.000624,4670,-25.100439,6665.310000,41338.200000,4.666227,591.732954
431,4624334,4630391,4630878,0.480000,0.000606,5071,-24.407272,6671.840000,41403.300000,6.481626,673.382446
432,4630878,4637068,4637582,0.520000,0.000618,4765,-24.922544,6678.510000,41470.000000,0.452741,542.151751
433,4637582,4643350,4643814,0.470000,0.000616,4504,-24.866674,6684.790000,41533.100000,8.550441,575.674647
434,4643814,4648213,4650390,2.170000,0.000630,4399,-25.518471,6689.660000,41581.600000,1.769382,809.380791
435,4650390,4656965,4657291,0.330000,0.000613,5037,-24.825892,6698.410000,41668.500000,0.571388,755.567058
436,4657291,4663795,4664220,0.420000,0.000624,5011,-25.328027,6705.240000,41736.500000,0.597095,923.287995
437,4664220,4670731,4671279,0.540000,0.000620,5018,-25.213816,6712.180000,41805.800000,2.405459,646.708661
438,4671279,4677284,4677864,0.580000,0.000601,4762,-24.474915,6718.730000,41871.900000,10.558317,351.784730
439,4677864,4683191,4683698,0.500000,0.000588,4397,-23.954703,6724.640000,41930.300000,3.626214,880.570802
440,4683698,4690413,4690920,0.500000,0.000638,5133,-26.114379,6731.860000,42002.100000,1.162434,784.560420
441,4690920,4697127,4697827,0.700000,0.000638,4654,-26.132627,6738.570000,42069.800000,2.924746,507.047577
442,4697827,4703548,4704261,0.720000,0.000636,3779,-26.080741,6744.990000,42133.700000,4.178484,734.076249
443,4704261,4710523,4711076,0.550000,0.000640,4310,-26.304332,6751.970000,42203.000000,4.653668,555.100734
444,4711076,4717027,4717562,0.540000,0.000596,4775,-24.499098,6758.470000,42267.600000,2.964833,671.902738
445,4717562,4723580,4724241,0.670000,0.000617,4977,-25.440272,6765.020000,42333.600000,5.468088,735.021532
446,4724241,4730780,4731243,0.470000,0.000632,4595,-26.093100,6772.220000,42404.900000,1.734120,607.957238
447,4731243,4737540,4738036,0.500000,0.000624,4492,-25.808335,6778.980000,42472.500000,0.242522,638.066011
448,4738036,4744455,4744983,0.530000,0.000616,5039,-25.518953,6785.900000,42541.400000,0.009360,429.657575
449,4744983,4750752,4751352,0.600000,0.000622,4065,-25.811579,6792.200000,42604.300000,1.605184,356.062267
450,4751352,4756808,4757319,0.510000,0.000574,4539,-23.801272,6798.250000,42664.600000,3.097749,595.814076
451,4757319,4763558,4764075,0.520000,0.000615,4703,-25.567109,6805.000000,42732.400000,4.564391,592.799122
452,4764075,4770143,4770778,0.630000,0.000604,4704,-25.153142,6811.590000,42797.900000,1.640519,448.229046
453,4770778,4776562,4777174,0.610000,0.000596,4485,-24.859465,6818.010000,42862.000000,1.158554,579.438704
454,4777174,4783440,4783914,0.480000,0.000616,4437,-25.743609,6824.880000,42931.100000,4.740510,406.346638
455,4783914,4789792,4790275,0.480000,0.000591,4602,-24.710963,6831.240000,42993.600000,5.672216,536.623639
456,4790275,4796106,4796825,0.720000,0.000610,4853,-25.562822,6837.550000,43057.600000,1.981483,512.197855
457,4796825,4802770,4803359,0.590000,0.000609,4522,-25.563764,6844.210000,43123.500000,2.204858,582.371076
458,4803359,4809268,4809897,0.630000,0.000602,4292,-25.302062,6850.710000,43188.000000,1.556335,285.660972
459,4809897,4815518,4815956,0.440000,0.000562,4652,-23.607215,6856.960000,43250.600000,8.184117,476.453027
460,4815956,4821816,4822356,0.540000,0.000586,4727,-24.690478,6863.260000,43313.400000,1.745307,442.203922
461,4822356,4828379,4828910,0.530000,0.000600,4263,-25.330765,6869.820000,43379.500000,9.407114,264.257193
462,4828910,4834082,4834619,0.530000,0.000581,3791,-24.532510,6875.530000,43435.600000,2.080075,410.627434
463,4834619,4840459,4841006,0.550000,0.000592,4513,-25.033471,6881.900000,43499.600000,5.133356,421.179643
464,4841006,4846952,4847587,0.630000,0.000599,4457,-25.382510,6888.400000,43564.100000,3.187220,382.471076
465,4847587,4853433,4853970,0.530000,0.000584,4809,-24.782337,6894.880000,43628.900000,0.974987,504.146214
466,4853970,4859858,4860477,0.620000,0.000589,4653,-25.048020,6901.300000,43693.800000,2.565008,531.657838
467,4860477,4866490,4867149,0.660000,0.000635,4099,-27.099498,6907.930000,43759.300000,3.685330,249.365045
468,4867149,4872372,4873012,0.640000,0.000557,4422,-23.704549,6913.820000,43818.000000,2.123542,319.450674
469,4873012,4878582,4879140,0.550000,0.000579,4616,-24.694065,6920.030000,43880.000000,0.863552,385.481771
470,4879140,4884871,4885423,0.550000,0.000596,4457,-25.479495,6926.320000,43942.900000,2.988750,374.246849
471,4885423,4891146,4891620,0.470000,0.000608,4144,-26.046289,6932.590000,44005.500000,4.418820,439.463351
472,4891620,4897561,4898137,0.570000,0.000601,4716,-25.789252,6939.010000,44069.300000,2.497141,503.238220
473,4898137,4903975,4904518,0.540000,0.000597,4507,-25.651623,6945.420000,44133.300000,1.097458,545.947552
474,4904518,4910489,4910990,0.500000,0.000599,4784,-25.765022,6951.930000,44198.300000,3.335701,513.651759
475,4910990,4916988,4917550,0.560000,0.000613,4321,-26.423945,6958.430000,44263.200000,2.433553,564.976866
476,4917550,4923807,4924312,0.510000,0.000619,4764,-26.733495,6965.250000,44331.100000,4.618950,507.194941
477,4924312,4930308,4930822,0.520000,0.000611,4598,-26.422705,6971.750000,44396.100000,3.380817,559.113720
478,4930822,4936824,4937410,0.580000,0.000602,4759,-26.076661,6978.270000,44461.100000,2.221862,338.197257
479,4937410,4942920,4943522,0.610000,0.000585,4365,-25.359891,6984.360000,44522.100000,3.079123,542.055263
480,4943522,4949420,4950156,0.740000,0.000624,4418,-27.145050,6990.860000,44586.800000,5.848422,404.800175
481,4950156,4955850,4956224,0.380000,0.000588,4400,-25.557905,6997.290000,44651.100000,6.961359,639.970136
482,4956224,4962296,4962957,0.660000,0.000622,4598,-27.103593,7003.740000,44715.500000,8.004979,287.772308
483,4962957,4968513,4969009,0.490000,0.000571,4277,-24.875970,7009.960000,44777.400000,4.689249,481.984679
484,4969009,4975046,4975596,0.550000,0.000606,4758,-26.464578,7016.490000,44842.600000,3.083010,449.955536
485,4975596,4981413,4982124,0.710000,0.000600,4515,-26.248202,7022.860000,44906.000000,4.670188,223.005296
486,4982124,4987388,4987942,0.560000,0.000565,4270,-24.711292,7028.830000,44965.800000,2.416222,380.351880
487,4987942,4993768,4994381,0.620000,0.000593,4717,-26.000336,7035.210000,45029.400000,3.496250,415.946585
488,4994381,5000071,5000675,0.600000,0.000593,4462,-26.043355,7041.520000,45092.300000,1.235190,228.908811
489,5000675,5005657,5006357,0.700000,0.000571,4398,-25.065497,7047.100000,45148.100000,9.485072,586.967432
490,5006357,5012822,5013441,0.620000,0.000645,4346,-28.449996,7054.270000,45219.300000,1.730649,426.667544
491,5013441,5019067,5019607,0.540000,0.000619,4114,-27.313304,7060.510000,45281.500000,1.125963,671.945578
492,5019607,5025982,5026437,0.450000,0.000638,4413,-28.235847,7067.430000,45350.900000,3.314798,360.791392
493,5026437,5031915,5032388,0.470000,0.000593,4344,-26.208158,7073.360000,45410.100000,7.334441,572.559912
494,5032388,5038415,5039036,0.620000,0.000620,4782,-27.514200,7079.860000,45474.600000,1.827426,652.348398
495,5039036,5045125,5045943,0.820000,0.000622,4890,-27.610684,7086.570000,45542.600000,2.191654,287.230567
496,5045943,5051175,5051784,0.610000,0.000581,4299,-25.795628,7092.620000,45602.500000,2.119457,429.473083
497,5051784,5057444,5058056,0.610000,0.000600,4497,-26.691909,7098.890000,45664.800000,1.531423,368.519104
498,5058056,5063530,5064075,0.550000,0.000586,4396,-26.086274,7104.970000,45725.300000,0.819897,487.447247
499,5064075,5069965,5070579,0.610000,0.000614,4374,-27.415406,7111.410000,45789.700000,1.746421,495.819542
500,5070579,5076514,5077037,0.520000,0.000610,4686,-27.290265,7117.960000,45855.000000,1.859327,558.771730
501,5077037,5083024,5083588,0.560000,0.000624,4534,-27.959084,7124.470000,45919.800000,2.699603,396.281504
502,5083588,5088993,5089589,0.590000,0.000604,4521,-27.055693,7130.440000,45979.500000,2.610968,561.190947
503,5089589,5095441,5095960,0.510000,0.000612,4547,-27.502375,7136.890000,46043.800000,2.783159,533.269967
504,5095960,5101744,5102323,0.580000,0.000617,4339,-27.749394,7143.190000,46106.600000,3.441920,506.719930
505,5102323,5108050,5108622,0.580000,0.000610,4584,-27.458992,7149.490000,46169.700000,3.337762,428.796129
506,5108622,5114367,5114986,0.620000,0.000613,4397,-27.660740,7155.810000,46232.400000,2.780480,471.872863
507,5114986,5120852,5121461,0.610000,0.000637,4056,-28.796019,7162.300000,46297.100000,1.790868,613.916084
508,5121461,5127599,5128202,0.610000,0.000633,4612,-28.661833,7169.040000,46364.600000,4.576744,647.198246
509,5128202,5134412,5134969,0.550000,0.000635,4622,-28.798751,7175.860000,46432.700000,1.322701,340.392552
510,5134969,5140201,5140687,0.480000,0.000589,4042,-26.669688,7181.650000,46490.300000,3.643985,467.086214
511,5140687,5146375,5147012,0.640000,0.000606,4626,-27.526671,7187.820000,46552.700000,0.898246,217.811816
512,5147012,5152108,5152607,0.500000,0.000584,4067,-26.524397,7193.550000,46609.100000,14.555915,575.618042
513,5152607,5158658,5159185,0.530000,0.000628,4850,-28.625445,7200.100000,46674.500000,0.204385,516.136174
514,5159185,5164901,5165456,0.550000,0.000622,4393,-28.375943,7206.350000,46737.900000,2.012658,572.110869
515,5165456,5171510,5171973,0.470000,0.000638,4495,-29.152180,7212.950000,46802.700000,2.617136,702.222417
516,5171973,5178031,5178537,0.500000,0.000628,4527,-28.716296,7219.480000,46867.700000,2.605121,616.243570
517,5178537,5184581,5185066,0.480000,0.000622,4704,-28.491520,7226.030000,46933.400000,3.656519,777.629011
518,5185066,5191463,5191944,0.480000,0.000649,4640,-29.811935,7232.910000,47001.900000,5.265909,728.456741
519,5191944,5198056,5198674,0.620000,0.000630,4851,-28.939241,7239.500000,47067.600000,1.628784,488.058824
520,5198674,5204236,5204785,0.550000,0.000617,4348,-28.388563,7245.680000,47129.500000,2.718398,843.851852
521,5204785,5211073,5211648,0.570000,0.000644,4705,-29.696000,7252.520000,47197.500000,2.747222,759.406045
522,5211648,5217994,5218432,0.440000,0.000644,4609,-29.733814,7259.440000,47266.500000,5.140491,620.956312
523,5218432,5224160,5224744,0.590000,0.000623,4711,-28.778985,7265.600000,47328.100000,-0.006146,736.508186
524,5224744,5230652,5231231,0.580000,0.000639,4466,-29.568129,7272.100000,47393.000000,0.254448,495.405038
525,5231231,5237002,5237472,0.470000,0.000609,4576,-28.213495,7278.450000,47456.300000,0.200461,725.837577
526,5237472,5243411,5243880,0.460000,0.000642,4513,-29.820850,7284.860000,47520.400000,1.442136,581.540280
527,5243880,5249594,5250212,0.620000,0.000637,4489,-29.632609,7291.040000,47582.500000,2.024360,537.768301
528,5250212,5255837,5256337,0.500000,0.000637,4362,-29.663870,7297.280000,47644.900000,1.935235,703.370865
529,5256337,5262409,5262985,0.580000,0.000657,4548,-30.658509,7303.850000,47710.100000,0.390864,789.095698
530,5262985,5269227,5269651,0.430000,0.000675,4276,-31.530936,7310.670000,47777.900000,3.810687,973.911597
531,5269651,5275901,5276387,0.480000,0.000648,4795,-30.279143,7317.350000,47844.700000,1.268293,706.333774
532,5276387,5282235,5282791,0.560000,0.000636,4472,-29.785844,7323.680000,47907.600000,0.002156,765.189735
533,5282791,5289110,5289561,0.460000,0.000646,4797,-30.272995,7330.550000,47976.400000,4.108000,753.940351
534,5289561,5295681,5296164,0.480000,0.000648,4940,-30.441714,7337.130000,48042.100000,3.829615,827.879560
535,5296164,5302417,5302977,0.560000,0.000647,4453,-30.414141,7343.860000,48109.600000,1.259728,394.346129
536,5302977,5308407,5308917,0.510000,0.000622,4152,-29.274672,7349.850000,48168.800000,0.494653,720.077227
537,5308917,5315053,5315511,0.460000,0.000642,4491,-30.255168,7356.500000,48235.100000,3.992019,840.823477
538,5315511,5321586,5322188,0.600000,0.000647,4769,-30.529367,7363.030000,48300.400000,2.529627,726.108452
539,5322188,5328100,5328790,0.690000,0.000643,4701,-30.397578,7369.540000,48365.200000,6.497926,633.408833
540,5328790,5334697,5335293,0.600000,0.000643,4413,-30.439354,7376.140000,48431.200000,1.049308,401.939367
541,5335293,5340805,5341322,0.520000,0.000614,4310,-29.060223,7382.250000,48492.200000,8.452952,960.057231
542,5341322,5347763,5348299,0.530000,0.000655,4911,-31.086093,7389.210000,48561.500000,2.771525,615.143548
543,5348299,5354139,5354602,0.470000,0.000647,4267,-30.737907,7395.580000,48625.200000,3.343901,717.947727
544,5354602,5360604,5361193,0.590000,0.000661,4427,-31.460033,7402.050000,48689.900000,0.818544,724.666374
545,5361193,5367406,5368055,0.650000,0.000651,4447,-31.048452,7408.850000,48757.800000,12.364335,620.976489
546,5368055,5374118,5374543,0.430000,0.000636,4437,-30.364658,7415.560000,48825.500000,13.848244,705.788204
547,5374543,5380527,5381133,0.610000,0.000640,4692,-30.607959,7421.970000,48888.600000,-0.072715,806.201183
548,5381133,5387309,5387788,0.480000,0.000665,4435,-31.859065,7428.750000,48956.400000,4.568090,697.320440
549,5387788,5393758,5394199,0.440000,0.000667,4339,-32.007715,7435.200000,49020.700000,4.839076,744.052724
550,5394199,5400275,5400825,0.550000,0.000648,4928,-31.126260,7441.720000,49086.000000,0.863354,717.364716
551,5400825,5406902,5407382,0.480000,0.000640,4592,-30.750477,7448.350000,49151.900000,2.793109,718.018445
552,5407382,5413183,5413854,0.670000,0.000660,4225,-31.777917,7454.630000,49215.500000,0.038881,344.006146
553,5413854,5419248,5419827,0.580000,0.000615,4357,-29.606761,7460.690000,49275.000000,0.317975,932.324182
554,5419827,5426248,5426825,0.580000,0.000649,5068,-31.340347,7467.690000,49345.100000,2.393467,560.517461
555,5426825,5432536,5433144,0.610000,0.000643,4554,-31.058799,7473.980000,49407.900000,0.587311,892.801233
556,5433144,5439422,5440075,0.650000,0.000656,4453,-31.767080,7480.870000,49476.500000,2.292662,567.007930
557,5440075,5446086,5446528,0.440000,0.000626,4784,-30.304478,7487.530000,49542.700000,5.487534,697.894368
558,5446528,5452542,5453088,0.540000,0.000640,4716,-31.063389,7493.990000,49607.100000,2.893572,486.535620
559,5453088,5458596,5459274,0.680000,0.000625,4348,-30.325544,7500.040000,49667.700000,1.217870,704.945215
560,5459274,5465511,5465962,0.450000,0.000645,4732,-31.354871,7506.960000,49736.400000,0.772072,982.879126
561,5465962,5472443,5473045,0.600000,0.000686,4594,-33.480932,7513.890000,49805.700000,0.783622,890.569734
562,5473045,5479392,5479910,0.510000,0.000689,4389,-33.667148,7520.840000,49875.200000,1.809885,799.594381
563,5479910,5486305,5486712,0.410000,0.000661,4649,-32.288700,7527.750000,49942.700000,5.949524,719.484636
