Event,StartRow,FailRow,EndRow,SlipDuration,Stiffness,NptsStiffness,StiffnessIntercept,FailTime,FailDisplacement
0,1184116,1186343,1188236,1.890000,0.000035,2227,0.302248,3227.790000,11320.600000
1,1188236,1191159,1194502,3.350000,0.000026,2923,0.396618,3232.600000,11368.800000
2,1194502,1196549,1199110,2.560000,0.000027,2047,0.386059,3237.990000,11422.600000
3,1199110,1201086,1204759,3.670000,0.000033,1976,0.322214,3242.530000,11467.800000
4,1204759,1206355,1209243,2.890000,0.000046,1596,0.171124,3247.800000,11520.400000
5,1209243,1211242,1213980,2.730000,0.000073,1850,-0.152993,3252.690000,11569.200000
6,1213980,1216461,1219031,2.570000,0.000061,2481,-0.013204,3257.910000,11621.300000
7,1219031,1221778,1224045,2.270000,0.000070,2408,-0.118961,3263.220000,11674.400000
8,1224045,1226894,1229924,3.030000,0.000053,2849,0.075911,3268.340000,11725.300000
9,1229924,1232632,1234877,2.240000,0.000094,2331,-0.409737,3274.080000,11782.500000
10,1234877,1237939,1240620,2.680000,0.000083,3062,-0.284236,3279.380000,11835.400000
11,1240620,1243286,1245822,2.540000,0.000101,2317,-0.504717,3284.730000,11888.500000
12,1245822,1248400,1250753,2.360000,0.000109,2244,-0.610540,3289.840000,11939.700000
13,1250753,1253513,1256003,2.490000,0.000115,2760,-0.678999,3294.960000,11990.600000
14,1256003,1258977,1261173,2.200000,0.000116,2819,-0.698907,3300.420000,12045.100000
15,1261173,1264261,1266360,2.090000,0.000136,2901,-0.954568,3305.710000,12097.800000
16,1266360,1269433,1271764,2.330000,0.000151,2665,-1.138047,3310.880000,12149.400000
17,1271764,1274888,1276710,1.820000,0.000161,2657,-1.272694,3316.330000,12203.900000
18,1276710,1280189,1282218,2.030000,0.000159,3028,-1.246593,3321.630000,12256.700000
19,1282218,1285321,1287380,2.050000,0.000169,2861,-1.381275,3326.770000,12307.900000
20,1287380,1290513,1292651,2.140000,0.000175,2852,-1.465311,3331.960000,12359.700000
21,1292651,1295754,1297923,2.170000,0.000168,3050,-1.394832,3337.200000,12412.000000
22,1297923,1301036,1303067,2.030000,0.000220,2361,-2.041285,3342.480000,12464.800000
23,1303067,1306450,1308265,1.820000,0.000201,2773,-1.824229,3347.890000,12518.700000
24,1308265,1311856,1313623,1.770000,0.000242,2924,-2.339699,3353.300000,12572.600000
25,1313623,1317177,1319087,1.910000,0.000248,3206,-2.436239,3358.620000,12625.700000
26,1319087,1324528,1324539,0.010000,0.000285,2795,-2.910942,3365.970000,12700.100000
27,1324539,1327829,1329927,2.100000,0.000347,2161,-3.724017,3369.270000,12732.000000
28,1329927,1333487,1335373,1.890000,0.000338,2789,-3.620686,3374.930000,12788.500000
29,1335373,1339105,1340708,1.600000,0.000335,3085,-3.607515,3380.550000,12844.500000
30,1340708,1344624,1346454,1.830000,0.000349,3098,-3.804633,3386.070000,12899.600000
31,1346454,1350148,1352106,1.960000,0.000350,2978,-3.830831,3391.590000,12954.800000
32,1352106,1355900,1357514,1.620000,0.000367,2845,-4.075283,3397.340000,13012.100000
33,1357514,1361587,1363081,1.500000,0.000366,3274,-4.079403,3403.030000,13069.000000
34,1363081,1367371,1368894,1.520000,0.000383,3411,-4.328408,3408.820000,13126.500000
35,1368894,1373291,1374545,1.250000,0.000366,3636,-4.122274,3414.740000,13185.600000
36,1374545,1378594,1380266,1.670000,0.000374,3239,-4.254852,3420.040000,13238.400000
37,1380266,1384474,1386024,1.550000,0.000400,3157,-4.619726,3425.920000,13297.100000
38,1386024,1390028,1391876,1.850000,0.000411,2860,-4.793558,3431.470000,13352.500000
39,1391876,1395971,1397510,1.530000,0.000385,2956,-4.468792,3437.420000,13411.800000
40,1397510,1401614,1403196,1.580000,0.000398,3145,-4.664778,3443.060000,13468.000000
41,1403196,1407507,1408959,1.450000,0.000398,3294,-4.680944,3448.950000,13526.800000
42,1408959,1413233,1414843,1.610000,0.000401,3188,-4.748360,3454.680000,13583.800000
43,1414843,1418754,1420416,1.660000,0.000401,3070,-4.765401,3460.200000,13638.900000
44,1420416,1424674,1426102,1.430000,0.000418,3127,-5.030572,3466.120000,13698.200000
45,1426102,1430384,1432186,1.800000,0.000422,3443,-5.100124,3471.830000,13755.200000
46,1432186,1436336,1437938,1.600000,0.000427,3214,-5.197070,3477.780000,13814.600000
47,1437938,1442248,1443838,1.590000,0.000428,3285,-5.239667,3483.690000,13873.500000
48,1443838,1448189,1449643,1.460000,0.000438,3044,-5.398521,3489.630000,13932.600000
49,1449643,1454029,1455457,1.430000,0.000431,3327,-5.327694,3495.470000,13990.900000
50,1455457,1533557,1534185,0.630000,0.000460,3230,-5.765372,3575.000000,14102.000000
51,1534185,1551506,1552513,1.010000,0.000675,2728,-8.846458,3592.950000,14281.200000
52,1552513,1557839,1558649,0.810000,0.000598,3393,-7.863588,3599.280000,14344.000000
53,1558649,1564573,1565689,1.110000,0.000662,2627,-8.828289,3606.020000,14411.700000
54,1565689,1571017,1571997,0.980000,0.000584,3520,-7.748355,3612.460000,14475.900000
55,1571997,1576566,1577677,1.110000,0.000568,2494,-7.549996,3618.010000,14531.500000
56,1577677,1583121,1584195,1.070000,0.000587,3873,-7.860396,3624.570000,14596.900000
57,1584195,1588604,1589542,0.940000,0.000499,3179,-6.607456,3630.050000,14650.900000
58,1589542,1594969,1595950,0.980000,0.000580,3650,-7.827806,3636.410000,14714.100000
59,1595950,1600418,1601628,1.210000,0.000497,3357,-6.632644,3641.860000,14768.000000
60,1601628,1606484,1607697,1.210000,0.000565,3045,-7.673814,3647.930000,14828.700000
61,1607697,1612538,1613675,1.140000,0.000567,2906,-7.736942,3653.980000,14888.900000
62,1613675,1617291,1619725,2.430000,0.000554,3181,-7.571212,3658.740000,14936.100000
63,1619725,1624588,1625771,1.190000,0.000548,3337,-7.518060,3666.030000,15009.300000
64,1625771,1630598,1631807,1.210000,0.000549,3601,-7.565188,3672.040000,15069.500000
65,1631807,1636548,1637639,1.090000,0.000521,3701,-7.174618,3677.990000,15128.700000
66,1637639,1642517,1644023,1.510000,0.000574,3376,-8.013989,3683.960000,15188.200000
67,1644023,1648515,1649468,0.950000,0.000522,2496,-7.261166,3689.960000,15247.900000
68,1649468,1654868,1656166,1.300000,0.000594,3366,-8.383546,3696.310000,15311.200000
69,1656166,1661225,1662464,1.240000,0.000571,3284,-8.071823,3702.670000,15375.100000
70,1662464,1667417,1669012,1.600000,0.000548,3466,-7.750614,3708.860000,15437.200000
71,1669012,1673401,1674634,1.230000,0.000497,2861,-7.005010,3714.850000,15496.000000
72,1674634,1680277,1681550,1.270000,0.000624,2578,-8.997709,3721.720000,15564.500000
73,1681550,1686425,1687395,0.970000,0.000527,3494,-7.525250,3727.870000,15625.800000
74,1687395,1693310,1694618,1.310000,0.000584,4164,-8.453049,3734.750000,15694.500000
75,1694618,1699585,1700667,1.080000,0.000539,3622,-7.784518,3741.030000,15757.300000
76,1700667,1706555,1707608,1.050000,0.000599,3177,-8.778914,3748.000000,15826.800000
77,1707608,1713549,1714697,1.150000,0.000571,3954,-8.368629,3754.990000,15896.200000
78,1714697,1720271,1721254,0.980000,0.000611,3040,-9.051460,3761.720000,15963.800000
79,1721254,1726804,1727762,0.960000,0.000541,4142,-7.970463,3768.250000,16028.700000
80,1727762,1734100,1735099,1.000000,0.000584,4022,-8.691696,3775.540000,16101.400000
81,1735099,1741606,1742464,0.860000,0.000629,3642,-9.470275,3783.050000,16176.500000
82,1742464,1749192,1750293,1.100000,0.000622,3961,-9.391117,3790.640000,16251.900000
83,1750293,1756916,1757817,0.900000,0.000602,3869,-9.114370,3798.360000,16329.200000
84,1757817,1764059,1764951,0.900000,0.000592,4087,-9.008087,3805.500000,16400.500000
85,1764951,1771458,1772340,0.880000,0.000621,3894,-9.520106,3812.900000,16474.100000
86,1772340,1779060,1780103,1.050000,0.000598,4939,-9.195190,3820.500000,16550.300000
87,1780103,1786929,1787836,0.910000,0.000657,3378,-10.211858,3828.370000,16628.400000
88,1787836,1794744,1795920,1.170000,0.000641,3712,-9.991095,3836.190000,16706.700000
89,1795920,1801958,1802752,0.800000,0.000651,2643,-10.207952,3843.400000,16778.700000
90,1802752,1809628,1810551,0.930000,0.000635,4196,-9.983082,3851.070000,16855.100000
91,1810551,1817264,1818123,0.860000,0.000620,4358,-9.780796,3858.710000,16930.200000
92,1818123,1825230,1825970,0.740000,0.000664,3446,-10.577086,3866.670000,17009.100000
93,1825970,1832927,1833911,0.990000,0.000673,3695,-10.786761,3874.370000,17086.000000
94,1833911,1840665,1841656,0.990000,0.000631,4395,-10.114953,3882.110000,17163.300000
95,1841656,1848110,1849057,0.950000,0.000631,4060,-10.157543,3889.550000,17237.800000
96,1849057,1855519,1856234,0.720000,0.000622,4082,-10.063927,3896.960000,17311.300000
97,1856234,1863122,1863966,0.840000,0.000642,4083,-10.441942,3904.570000,17387.300000
98,1863966,1870488,1871388,0.900000,0.000673,2803,-11.044219,3911.930000,17461.000000
99,1871388,1878070,1878951,0.890000,0.000633,4029,-10.393165,3919.510000,17536.900000
100,1878951,1885209,1886123,0.920000,0.000635,3526,-10.476723,3926.650000,17607.400000
101,1886123,1893013,1894052,1.040000,0.000686,2905,-11.416055,3934.460000,17685.300000
102,1894052,1900277,1901342,1.070000,0.000645,3366,-10.739964,3941.720000,17758.100000
103,1901342,1907878,1908874,1.000000,0.000655,3312,-10.974900,3949.320000,17833.800000
104,1908874,1915549,1916445,0.900000,0.000661,3428,-11.118196,3956.990000,17910.400000
105,1916445,1923569,1924393,0.830000,0.000658,3872,-11.124580,3965.010000,17990.300000
106,1924393,1931135,1931962,0.830000,0.000658,3694,-11.169231,3972.580000,18065.900000
107,1931962,1939113,1939985,0.870000,0.000653,4159,-11.136663,3980.560000,18145.500000
108,1939985,1946835,1947753,0.920000,0.000627,4975,-10.721985,3988.280000,18222.700000
109,1947753,1954582,1955509,0.920000,0.000660,3730,-11.355592,3996.030000,18300.300000
110,1955509,1962203,1963144,0.940000,0.000647,4169,-11.182304,4003.650000,18376.100000
111,1963144,1970111,1971017,0.900000,0.000666,3739,-11.576916,4011.560000,18455.000000
112,1971017,1977866,1978749,0.880000,0.000646,4185,-11.265110,4019.310000,18532.400000
113,1978749,1985717,1986614,0.900000,0.000650,3906,-11.391346,4027.160000,18611.100000
114,1986614,1993509,1994298,0.790000,0.000671,3784,-11.816538,4034.950000,18688.200000
115,1994298,2001362,2002187,0.820000,0.000666,4266,-11.784978,4042.810000,18767.000000
116,2002187,2009559,2010618,1.060000,0.000652,5059,-11.571911,4051.000000,18848.800000
117,2010618,2017380,2018245,0.870000,0.000637,4628,-11.335443,4058.820000,18926.700000
118,2018245,2025158,2026218,1.060000,0.000661,3754,-11.846249,4066.600000,19004.200000
119,2026218,2032509,2033462,0.960000,0.000632,4259,-11.339244,4073.950000,19077.700000
120,2033462,2040599,2041334,0.740000,0.000659,4137,-11.915941,4082.040000,19158.200000
121,2041334,2048102,2048707,0.600000,0.000682,3159,-12.410966,4089.550000,19233.200000
122,2048707,2055982,2056687,0.700000,0.000731,2860,-13.408692,4097.430000,19311.800000
123,2056687,2063261,2063965,0.700000,0.000756,1432,-13.936109,4104.710000,19384.500000
124,2063965,2070867,2071532,0.670000,0.000678,3850,-12.472022,4112.310000,19460.400000
125,2071532,2078563,2079188,0.620000,0.000734,2507,-13.624521,4120.010000,19537.100000
126,2079188,2086034,2086629,0.590000,0.000727,2374,-13.532142,4127.480000,19611.600000
127,2086629,2093564,2094193,0.630000,0.000719,2694,-13.431923,4135.010000,19686.900000
128,2094193,2101187,2101835,0.650000,0.000717,2784,-13.455654,4142.630000,19762.700000
129,2101835,2108760,2109423,0.670000,0.000698,3236,-13.123246,4150.200000,19838.100000
130,2109423,2116580,2117205,0.630000,0.000706,3826,-13.350132,4158.020000,19916.500000
131,2117205,2124257,2125014,0.760000,0.000742,2378,-14.118656,4165.700000,19993.300000
132,2125014,2131990,2132747,0.760000,0.000715,2966,-13.641641,4173.430000,20070.000000
133,2132747,2139501,2140118,0.610000,0.000701,2800,-13.399869,4180.950000,20145.300000
134,2140118,2147208,2147786,0.580000,0.000710,2983,-13.634666,4188.650000,20222.000000
135,2147786,2155021,2155603,0.580000,0.000745,2543,-14.399518,4196.470000,20299.900000
136,2155603,2163052,2163705,0.650000,0.000713,3637,-13.814192,4204.500000,20380.000000
137,2163705,2170952,2171627,0.670000,0.000711,3489,-13.825170,4212.400000,20458.900000
138,2171627,2178684,2179524,0.840000,0.000735,2941,-14.374251,4220.130000,20536.100000
139,2179524,2186329,2187128,0.800000,0.000679,4184,-13.276835,4227.770000,20612.800000
140,2187128,2194157,2194809,0.650000,0.000709,3059,-13.949048,4235.600000,20690.600000
141,2194809,2201995,2202559,0.560000,0.000811,1221,-16.129290,4243.440000,20768.700000
142,2202559,2209547,2210356,0.810000,0.000742,1987,-14.751827,4250.990000,20844.200000
143,2210356,2217009,2217563,0.560000,0.000659,4085,-13.065430,4258.450000,20918.500000
144,2217563,2224852,2225612,0.760000,0.000726,2942,-14.529094,4266.300000,20997.000000
145,2225612,2232990,2233728,0.740000,0.000682,4562,-13.651794,4274.430000,21078.100000
146,2233728,2240776,2241529,0.750000,0.000694,3610,-13.969443,4282.220000,21155.800000
147,2241529,2247914,2248893,0.980000,0.000685,3043,-13.826169,4289.360000,21227.900000
148,2248893,2255433,2255946,0.510000,0.000661,3993,-13.376769,4296.880000,21301.900000
149,2255946,2263215,2264057,0.840000,0.000727,2922,-14.817986,4304.660000,21379.600000
150,2264057,2271445,2272054,0.610000,0.000710,3410,-14.531350,4312.890000,21461.400000
151,2272054,2279112,2279831,0.720000,0.000698,3512,-14.307893,4320.560000,21537.800000
152,2279831,2287041,2287615,0.570000,0.000703,3364,-14.477252,4328.490000,21616.900000
153,2287615,2541892,2305221,-236.670000,0.000770,1615,-15.982924,4583.340000,21720.200000
154,2305221,2548070,2548750,0.680000,0.000751,236988,-15.576595,4589.510000,21781.000000
155,2548750,2554239,2554997,0.760000,0.000605,4512,-12.492585,4595.680000,21841.500000
156,2554997,2560780,2561355,0.580000,0.000630,4285,-13.089185,4602.220000,21906.700000
157,2561355,2567326,2568071,0.750000,0.000643,4012,-13.417667,4608.770000,21972.000000
158,2568071,2574566,2575127,0.560000,0.000688,3128,-14.443934,4616.010000,22043.900000
159,2575127,2581981,2582755,0.770000,0.000693,4191,-14.611095,4623.430000,22118.000000
160,2582755,2589033,2589549,0.510000,0.000688,3181,-14.561465,4630.480000,22188.300000
161,2589549,2596869,2597496,0.630000,0.000768,2275,-16.391589,4638.310000,22266.700000
162,2597496,2604190,2604844,0.660000,0.000695,4062,-14.823713,4645.630000,22339.900000
163,2604844,2612133,2612644,0.510000,0.000705,4487,-15.099163,4653.580000,22418.300000
164,2612644,2619745,2620374,0.630000,0.000714,3926,-15.336293,4661.190000,22494.300000
165,2620374,2627566,2628208,0.640000,0.000708,3695,-15.273207,4669.010000,22572.600000
166,2628208,2635226,2635851,0.630000,0.000676,4776,-14.593522,4676.670000,22649.200000
167,2635851,2642964,2643546,0.580000,0.000722,3665,-15.696459,4684.410000,22726.400000
168,2643546,2650378,2651054,0.680000,0.000667,4972,-14.507849,4691.820000,22800.400000
169,2651054,2657597,2658242,0.650000,0.000707,3308,-15.468492,4699.040000,22872.300000
170,2658242,2665271,2665917,0.640000,0.000677,4325,-14.829643,4706.720000,22948.900000
171,2665917,2672042,2672571,0.530000,0.000655,3824,-14.359694,4713.490000,23016.400000
172,2672571,2679989,2680432,0.450000,0.000741,2905,-16.385657,4721.430000,23096.000000
173,2680432,2687572,2688171,0.600000,0.000684,4143,-15.135554,4729.020000,23171.400000
174,2688171,2695040,2695959,0.920000,0.000703,3902,-15.634308,4736.480000,23246.400000
175,2695959,2702572,2703276,0.700000,0.000696,3616,-15.507906,4744.020000,23321.400000
176,2703276,2710579,2711404,0.830000,0.000744,3214,-16.686239,4752.020000,23401.200000
177,2711404,2718556,2719214,0.660000,0.000716,3805,-16.102050,4760.000000,23480.700000
178,2719214,2726541,2727213,0.670000,0.000706,3911,-15.906876,4767.990000,23560.000000
179,2727213,2733936,2734627,0.690000,0.000755,2374,-17.132022,4775.380000,23633.700000
180,2734627,2741577,2742380,0.800000,0.000685,4397,-15.533186,4783.020000,23710.600000
181,2742380,2749578,2750396,0.820000,0.000687,4516,-15.626525,4791.020000,23790.400000
182,2750396,2756387,2756899,0.510000,0.000649,3851,-14.764964,4797.830000,23858.200000
183,2756899,2764004,2764742,0.740000,0.000703,3670,-16.105243,4805.450000,23933.900000
184,2764742,2771333,2771959,0.620000,0.000678,3705,-15.575511,4812.780000,24007.500000
185,2771959,2779230,2779865,0.640000,0.000735,3280,-16.982682,4820.670000,24086.100000
186,2779865,2786580,2787378,0.800000,0.000662,4555,-15.282741,4828.020000,24159.500000
187,2787378,2794537,2795142,0.610000,0.000692,4211,-16.067085,4835.980000,24238.900000
188,2795142,2802337,2802914,0.580000,0.000666,4401,-15.492097,4843.780000,24316.600000
189,2802914,2810052,2810627,0.570000,0.000706,3655,-16.500657,4851.500000,24393.400000
190,2810627,2817974,2818603,0.630000,0.000725,3385,-17.028080,4859.420000,24472.600000
191,2818603,2825595,2826466,0.870000,0.000656,4779,-15.392169,4867.040000,24548.400000
192,2826466,2832930,2833489,0.560000,0.000658,3983,-15.501119,4874.370000,24621.400000
193,2833489,2840464,2841036,0.570000,0.000684,3663,-16.185301,4881.910000,24696.700000
194,2841036,2848334,2848977,0.640000,0.000717,3456,-17.050083,4889.780000,24775.100000
195,2848977,2856037,2856711,0.680000,0.000678,4493,-16.148506,4897.480000,24852.000000
196,2856711,2863343,2863929,0.580000,0.000675,3979,-16.116381,4904.790000,24925.200000
197,2863929,2871160,2871862,0.710000,0.000673,4613,-16.113710,4912.600000,25003.000000
198,2871862,2878960,2879484,0.530000,0.000675,4382,-16.203893,4920.400000,25080.900000
199,2879484,2886242,2886803,0.560000,0.000646,5089,-15.530116,4927.690000,25153.800000
200,2886803,2893568,2894300,0.730000,0.000691,3642,-16.720402,4935.010000,25227.200000
201,2894300,2901412,2902114,0.700000,0.000674,4251,-16.335783,4942.860000,25305.200000
202,2902114,2909255,2909826,0.570000,0.000676,4331,-16.434406,4950.700000,25383.300000
203,2909826,2916561,2917082,0.520000,0.000649,4605,-15.816048,4958.010000,25456.000000
204,2917082,2923928,2924552,0.630000,0.000668,4476,-16.354049,4965.370000,25529.500000
205,2924552,2931324,2931921,0.600000,0.000676,4015,-16.586754,4972.770000,25603.700000
206,2931921,2938395,2939053,0.660000,0.000643,4671,-15.788481,4979.840000,25673.700000
207,2939053,2946573,2947188,0.610000,0.000692,4262,-17.101321,4988.020000,25755.700000
208,2947188,2953858,2954612,0.760000,0.000624,5040,-15.402203,4995.300000,25827.600000
209,2954612,2961178,2961828,0.650000,0.000645,4387,-16.006705,5002.620000,25900.900000
210,2961828,2968461,2969090,0.620000,0.000600,5736,-14.868771,5009.910000,25973.600000
211,2969090,2975862,2976607,0.740000,0.000651,4926,-16.247041,5017.310000,26047.300000
212,2976607,2983410,2984152,0.750000,0.000627,5326,-15.668946,5024.850000,26122.600000
213,2984152,2990530,2991116,0.590000,0.000574,5701,-14.331732,5031.970000,26193.700000
214,2991116,2997580,2998701,1.130000,0.000643,5283,-16.183508,5039.020000,26264.400000
215,2998701,3005084,3005789,0.700000,0.000600,5208,-15.106550,5046.530000,26338.800000
216,3005789,3012057,3012810,0.750000,0.000620,4994,-15.661718,5053.500000,26408.400000
217,3012810,3018859,3019580,0.720000,0.000657,3372,-16.694275,5060.300000,26476.300000
218,3019580,3025849,3026592,0.750000,0.000703,2613,-17.941984,5067.290000,26546.300000
219,3026592,3033205,3033932,0.730000,0.000662,3704,-16.916738,5074.650000,26619.700000
220,3033932,3040137,3040706,0.570000,0.000678,3098,-17.385768,5081.580000,26688.600000
221,3040706,3047877,3048603,0.730000,0.000702,3516,-18.080636,5089.320000,26765.900000
222,3048603,3054908,3055484,0.580000,0.000653,3962,-16.805531,5096.350000,26835.800000
223,3055484,3062578,3063293,0.720000,0.000694,3826,-17.971922,5104.020000,26912.400000
224,3063293,3069517,3070328,0.810000,0.000631,4300,-16.308652,5110.960000,26981.900000
225,3070328,3076428,3076947,0.520000,0.000612,4682,-15.844744,5117.870000,27051.000000
226,3076947,3083569,3084280,0.710000,0.000634,5093,-16.495898,5125.010000,27122.100000
227,3084280,3091268,3091978,0.710000,0.000636,5015,-16.592538,5132.710000,27198.900000
228,3091978,3098105,3098780,0.670000,0.000597,4990,-15.570356,5139.550000,27267.300000
229,3098780,3105311,3105897,0.580000,0.000632,4774,-16.574965,5146.760000,27338.900000
230,3105897,3113250,3113771,0.530000,0.000647,4877,-17.026106,5154.690000,27418.300000
231,3113771,3120352,3121062,0.710000,0.000680,4072,-17.976576,5161.800000,27489.100000
232,3121062,3127570,3128327,0.760000,0.000688,3520,-18.256547,5169.010000,27561.200000
233,3128327,3135035,3135625,0.590000,0.000704,3183,-18.753427,5176.480000,27635.500000
234,3135625,3142149,3142762,0.620000,0.000657,4000,-17.486040,5183.590000,27706.600000
235,3142762,3149460,3150088,0.630000,0.000705,2764,-18.873714,5190.900000,27779.400000
236,3150088,3156730,3157477,0.750000,0.000707,3080,-18.980341,5198.170000,27852.000000
237,3157477,3163794,3164508,0.710000,0.000645,3709,-17.312160,5205.240000,27922.600000
238,3164508,3171092,3171688,0.590000,0.000694,2662,-18.703319,5212.540000,27995.500000
239,3171688,3177446,3178180,0.730000,0.000619,3893,-16.674601,5218.890000,28059.000000
240,3178180,3184237,3184995,0.760000,0.000651,3583,-17.614476,5225.680000,28126.800000
241,3184995,3191305,3191964,0.660000,0.000637,4070,-17.255705,5232.750000,28197.300000
242,3191964,3198804,3199369,0.560000,0.000651,4547,-17.687038,5240.250000,28272.100000
243,3199369,3206070,3206747,0.680000,0.000702,3054,-19.187709,5247.510000,28344.500000
244,3206747,3213672,3214699,1.020000,0.000687,3857,-18.817442,5255.120000,28420.300000
245,3214699,3220532,3221256,0.720000,0.000863,1134,-23.869932,5261.980000,28488.900000
246,3221256,3228001,3228594,0.590000,0.000636,4697,-17.456822,5269.450000,28563.500000
247,3228594,3235189,3235777,0.590000,0.000645,4548,-17.770749,5276.630000,28634.900000
248,3235777,3242047,3242800,0.750000,0.000623,4517,-17.170799,5283.490000,28703.400000
249,3242800,3249569,3250345,0.780000,0.000658,4625,-18.221038,5291.010000,28778.600000
250,3250345,3256335,3257049,0.710000,0.000586,4954,-16.193938,5297.780000,28845.800000
251,3257049,3263563,3264285,0.720000,0.000620,5006,-17.235297,5305.010000,28918.100000
252,3264285,3270610,3271361,0.760000,0.000577,5472,-16.026357,5312.050000,28988.500000
253,3271361,3277886,3278536,0.650000,0.000611,5148,-17.052886,5319.330000,29060.900000
254,3278536,3285185,3285764,0.580000,0.000545,6002,-15.174602,5326.630000,29133.600000
255,3285764,3292850,3293627,0.780000,0.000552,5409,-15.419639,5334.290000,29210.100000
256,3293627,3300007,3300711,0.710000,0.000534,4943,-14.939569,5341.450000,29281.800000
257,3300711,3306891,3307651,0.760000,0.000542,4794,-15.195074,5348.340000,29350.500000
258,3307651,3313369,3314138,0.770000,0.000519,4871,-14.559071,5354.810000,29415.100000
259,3314138,3320115,3320924,0.810000,0.000535,4655,-15.064017,5361.560000,29482.400000
260,3320924,3326465,3327048,0.580000,0.000497,4533,-13.982618,5367.910000,29545.800000
261,3327048,3333418,3334071,0.660000,0.000540,4936,-15.294361,5374.860000,29615.100000
262,3334071,3340830,3341606,0.780000,0.000546,5025,-15.512131,5382.270000,29688.800000
263,3341606,3347585,3348142,0.560000,0.000499,4968,-14.150133,5389.030000,29756.200000
264,3348142,3354601,3355230,0.620000,0.000553,4780,-15.800453,5396.050000,29826.800000
265,3355230,3361815,3362621,0.810000,0.000555,5039,-15.885473,5403.260000,29898.200000
266,3362621,3368897,3369666,0.770000,0.000544,4597,-15.597066,5410.340000,29969.100000
267,3369666,3375513,3376104,0.590000,0.000497,4844,-14.239335,5416.960000,30035.000000
268,3376104,3383040,3383767,0.730000,0.000554,5212,-15.984118,5424.480000,30110.100000
269,3383767,3389593,3390301,0.710000,0.000527,4744,-15.211814,5431.040000,30175.700000
270,3390301,3396607,3397297,0.690000,0.000558,4779,-16.162794,5438.050000,30245.600000
271,3397297,3403225,3403916,0.690000,0.000522,4900,-15.116712,5444.670000,30311.800000
272,3403916,3410050,3410660,0.610000,0.000531,4849,-15.421023,5451.490000,30379.900000
273,3410660,3416803,3417456,0.650000,0.000536,4867,-15.605456,5458.250000,30447.200000
274,3417456,3423906,3424668,0.760000,0.000546,5278,-15.949806,5465.350000,30518.600000
275,3424668,3430313,3431009,0.690000,0.000505,4832,-14.728445,5471.760000,30582.200000
276,3431009,3437572,3438429,0.850000,0.000554,5254,-16.267711,5479.020000,30654.400000
277,3438429,3444041,3444779,0.730000,0.000515,4834,-15.113213,5485.490000,30719.200000
278,3444779,3451283,3452008,0.720000,0.000567,4798,-16.748332,5492.730000,30791.500000
279,3452008,3457873,3458542,0.670000,0.000541,4891,-15.982271,5499.320000,30857.300000
280,3458542,3464576,3465131,0.560000,0.000550,4758,-16.301731,5506.020000,30924.700000
281,3465131,3471340,3471910,0.570000,0.000566,4843,-16.850644,5512.780000,30991.700000
282,3471910,3478321,3478998,0.670000,0.000542,5381,-16.143517,5519.770000,31061.100000
283,3478998,3484838,3485378,0.540000,0.000534,4843,-15.909015,5526.280000,31127.100000
284,3485378,3492079,3492717,0.640000,0.000556,5328,-16.658782,5533.520000,31198.500000
285,3492717,3499120,3499770,0.650000,0.000552,5193,-16.547031,5540.560000,31268.900000
286,3499770,3506393,3507054,0.660000,0.000552,5218,-16.597231,5547.840000,31341.100000
287,3507054,3514087,3514690,0.600000,0.000573,5358,-17.296832,5555.530000,31418.000000
288,3514690,3521267,3521969,0.700000,0.000560,5182,-16.921793,5562.710000,31489.500000
289,3521969,3528197,3528956,0.760000,0.000545,5258,-16.494047,5569.640000,31558.800000
290,3528956,3535168,3535875,0.710000,0.000557,5143,-16.901424,5576.610000,31628.400000
291,3535875,3542267,3542938,0.670000,0.000567,4928,-17.261434,5583.710000,31699.200000
292,3542938,3549010,3549679,0.670000,0.000547,4942,-16.681898,5590.450000,31766.500000
293,3549679,3555674,3556328,0.650000,0.000558,4867,-17.058227,5597.120000,31833.300000
294,3556328,3563420,3564215,0.800000,0.000571,5580,-17.525233,5604.860000,31910.200000
295,3564215,3570189,3570715,0.530000,0.000527,5076,-16.163052,5611.630000,31978.000000
296,3570715,3577584,3578160,0.570000,0.000571,5292,-17.586584,5619.030000,32051.700000
297,3578160,3584051,3584770,0.710000,0.000538,4896,-16.567108,5625.500000,32116.300000
298,3584770,3591304,3591891,0.590000,0.000553,5387,-17.098381,5632.750000,32188.700000
299,3591891,3598584,3599130,0.540000,0.000583,5188,-18.113342,5640.030000,32261.400000
300,3599130,3605933,3606565,0.630000,0.000590,5294,-18.388077,5647.380000,32335.000000
301,3606565,3612845,3613413,0.570000,0.000555,5209,-17.267695,5654.290000,32403.900000
302,3613413,3619882,3620504,0.620000,0.000578,5098,-18.064690,5661.330000,32474.100000
303,3620504,3626549,3627239,0.690000,0.000549,5022,-17.179068,5667.990000,32540.500000
304,3627239,3633482,3634037,0.550000,0.000565,5181,-17.711800,5674.930000,32609.300000
305,3634037,3640703,3641320,0.610000,0.000585,5254,-18.407911,5682.150000,32681.200000
306,3641320,3648166,3648879,0.710000,0.000592,5133,-18.682068,5689.610000,32756.000000
307,3648879,3655081,3655607,0.520000,0.000575,4840,-18.176379,5696.530000,32825.000000
308,3655607,3662215,3662789,0.570000,0.000588,5126,-18.623480,5703.660000,32896.000000
309,3662789,3669097,3669682,0.590000,0.000571,5163,-18.120270,5710.540000,32964.700000
310,3669682,3676058,3676913,0.860000,0.000572,5385,-18.204736,5717.500000,33035.200000
311,3676913,3682833,3683331,0.500000,0.000566,4638,-18.018764,5724.280000,33102.900000
312,3683331,3689574,3690194,0.620000,0.000574,5210,-18.320490,5731.020000,33169.200000
313,3690194,3697007,3697517,0.510000,0.000572,5551,-18.311602,5738.450000,33243.100000
314,3697517,3704069,3704666,0.600000,0.000592,5069,-19.006692,5745.510000,33314.600000
315,3704666,3711108,3711686,0.580000,0.000581,5378,-18.688310,5752.550000,33384.000000
316,3711686,3718014,3718646,0.630000,0.000572,5314,-18.420476,5759.460000,33452.900000
317,3718646,3724510,3725090,0.580000,0.000550,4911,-17.723323,5765.950000,33517.800000
318,3725090,3731527,3732174,0.650000,0.000572,5166,-18.493577,5772.970000,33587.700000
319,3732174,3738209,3738838,0.630000,0.000554,5059,-17.953972,5779.650000,33654.400000
320,3738838,3745065,3745653,0.590000,0.000569,4782,-18.478911,5786.510000,33723.000000
321,3745653,3751853,3752400,0.540000,0.000568,4966,-18.492808,5793.300000,33790.600000
322,3752400,3759068,3759567,0.500000,0.000592,5073,-19.338035,5800.510000,33862.600000
323,3759567,3766889,3766954,0.070000,0.000585,5410,-19.153872,5808.330000,33940.400000
324,3766954,3772743,3773282,0.540000,0.002055,1075,-69.110549,5814.190000,33999.200000
325,3773282,3779713,3780291,0.580000,0.000708,4519,-23.396952,5821.160000,34068.600000
326,3780291,3786982,3787506,0.520000,0.000740,4237,-24.545574,5828.430000,34141.200000
327,3787506,3794099,3794617,0.520000,0.000737,4040,-24.490691,5835.540000,34212.000000
328,3794617,3801450,3802035,0.590000,0.000771,3570,-25.724662,5842.890000,34285.600000
329,3802035,3808623,3809227,0.600000,0.000746,3907,-24.911312,5850.070000,34357.000000
330,3809227,3814935,3816147,1.210000,0.000732,4178,-24.481491,5856.380000,34420.100000
331,3816147,3823064,3823612,0.550000,0.000754,4624,-25.320624,5864.510000,34501.400000
332,3823612,3830416,3830900,0.480000,0.000765,3956,-25.753091,5871.860000,34575.000000
333,3830900,3837273,3837823,0.550000,0.000727,4494,-24.464951,5878.720000,34643.300000
334,3837823,3844452,3845047,0.590000,0.000734,4382,-24.782269,5885.900000,34714.600000
335,3845047,3851452,3852134,0.680000,0.000730,4279,-24.691109,5892.900000,34784.500000
336,3852134,3858525,3859152,0.630000,0.000715,4386,-24.208922,5899.970000,34855.200000
337,3859152,3865840,3866393,0.560000,0.000734,4084,-24.938845,5907.280000,34928.100000
338,3866393,3872970,3873522,0.560000,0.000705,4845,-23.953907,5914.410000,34999.300000
339,3873522,3879983,3880620,0.630000,0.000724,4062,-24.692069,5921.430000,35069.700000
340,3880620,3886575,3887274,0.700000,0.000692,3853,-23.615938,5928.020000,35135.000000
341,3887274,3893373,3894066,0.690000,0.000705,3888,-24.126701,5934.820000,35202.800000
342,3894066,3900364,3900987,0.620000,0.000693,4224,-23.739645,5941.810000,35272.800000
343,3900987,3907455,3907998,0.540000,0.000680,4996,-23.333968,5948.900000,35343.500000
344,3907998,3913895,3914510,0.610000,0.000707,3576,-24.318231,5955.340000,35407.700000
345,3914510,3920632,3921266,0.630000,0.000684,4762,-23.563015,5962.080000,35474.900000
346,3921266,3927122,3927647,0.520000,0.000720,3207,-24.891508,5968.570000,35540.500000
347,3927647,3934185,3934698,0.510000,0.000865,1918,-30.071837,5975.630000,35610.000000
348,3934698,3941407,3941999,0.590000,0.000760,3584,-26.416075,5982.850000,35681.900000
349,3941999,3948562,3949087,0.520000,0.000716,4594,-24.904691,5990.010000,35753.500000
350,3949087,4074163,4074445,0.280000,0.000736,4178,-25.667212,6115.610000,35852.500000
351,4074445,4080346,4080821,0.480000,0.000574,5433,-19.904740,6121.790000,35913.700000
352,4080821,4086222,4086752,0.530000,0.000561,4659,-19.474155,6127.670000,35972.500000
353,4086752,4092570,4093249,0.680000,0.000604,4738,-21.056840,6134.010000,36036.100000
354,4093249,4098918,4099745,0.830000,0.000610,4644,-21.324469,6140.360000,36099.600000
355,4099745,4105772,4106247,0.470000,0.000612,4628,-21.417529,6147.220000,36167.400000
356,4106247,4113186,4113650,0.460000,0.000636,5311,-22.342291,6154.630000,36241.900000
357,4113650,4120246,4120878,0.630000,0.000643,4922,-22.651531,6161.690000,36312.000000
358,4120878,4126768,4127236,0.470000,0.000599,4608,-21.086369,6168.210000,36377.500000
359,4127236,4133396,4133914,0.520000,0.000611,4868,-21.564485,6174.840000,36443.800000
360,4133914,4140090,4140563,0.480000,0.000609,4676,-21.517332,6181.530000,36510.500000
361,4140563,4146864,4147295,0.430000,0.000616,4753,-21.840898,6188.310000,36578.000000
362,4147295,4153585,4154177,0.590000,0.000615,5086,-21.840021,6195.030000,36644.900000
363,4154177,4160472,4160959,0.480000,0.000618,4931,-21.977422,6201.920000,36713.800000
364,4160959,4167553,4168113,0.560000,0.000627,4992,-22.347845,6209.000000,36784.300000
365,4168113,4174020,4174593,0.580000,0.000597,4869,-21.293698,6215.460000,36849.100000
366,4174593,4180948,4181493,0.550000,0.000600,5394,-21.438377,6222.390000,36917.800000
367,4181493,4187880,4188312,0.440000,0.000612,4758,-21.944628,6229.320000,36987.500000
368,4188312,4194764,4195373,0.610000,0.000623,4922,-22.387822,6236.210000,37055.700000
369,4195373,4201847,4202582,0.740000,0.000628,4959,-22.619383,6243.290000,37127.000000
370,4202582,4208968,4209653,0.690000,0.000615,4934,-22.187290,6250.410000,37197.700000
371,4209653,4216250,4216882,0.640000,0.000616,4908,-22.274780,6257.690000,37270.800000
372,4216882,4223194,4223634,0.440000,0.000620,4706,-22.454102,6264.640000,37339.400000
373,4223634,4230033,4230522,0.490000,0.000635,4690,-23.044199,6271.480000,37408.300000
374,4230522,4236835,4237593,0.760000,0.000627,5059,-22.784901,6278.280000,37476.100000
375,4237593,4243803,4244377,0.570000,0.000618,4778,-22.494506,6285.250000,37545.700000
376,4244377,4250517,4251070,0.550000,0.000601,4907,-21.912690,6291.960000,37612.600000
377,4251070,4257502,4258012,0.510000,0.000608,5042,-22.200186,6298.950000,37681.800000
378,4258012,4264239,4264788,0.550000,0.000600,4914,-21.937783,6305.680000,37749.500000
379,4264788,4270590,4271081,0.500000,0.000582,4671,-21.294472,6312.030000,37812.800000
380,4271081,4277586,4278174,0.590000,0.000610,4814,-22.412868,6319.030000,37882.600000
381,4278174,4284343,4284785,0.440000,0.000610,4539,-22.432667,6325.790000,37949.600000
382,4284785,4291423,4291951,0.530000,0.000627,4846,-23.131269,6332.870000,38020.700000
383,4291951,4298026,4298406,0.380000,0.000603,4575,-22.279603,6339.470000,38086.700000
384,4298406,4304590,4305211,0.630000,0.000637,4162,-23.585243,6346.030000,38152.000000
385,4305211,4311562,4312141,0.580000,0.000611,4875,-22.650917,6353.010000,38221.700000
386,4312141,4318216,4318884,0.670000,0.000593,5229,-21.994577,6359.660000,38288.400000
387,4318884,4325332,4325848,0.510000,0.000607,5289,-22.592691,6366.780000,38359.000000
388,4325848,4331874,4332293,0.420000,0.000618,4592,-23.031795,6373.320000,38424.800000
389,4332293,4338604,4339315,0.710000,0.000623,5001,-23.297954,6380.050000,38491.700000
390,4339315,4345280,4345770,0.490000,0.000588,4443,-21.988239,6386.720000,38557.800000
391,4345770,4352335,4352909,0.570000,0.000603,5126,-22.574279,6393.780000,38628.200000
392,4352909,4358914,4359447,0.530000,0.000598,4655,-22.429251,6400.360000,38694.000000
393,4359447,4365902,4366279,0.370000,0.000602,5119,-22.647045,6407.350000,38764.000000
394,4366279,4372313,4372782,0.470000,0.000599,4603,-22.554701,6413.760000,38827.600000
395,4372782,4378914,4379379,0.460000,0.000600,4779,-22.619912,6420.360000,38893.400000
396,4379379,4385929,4386436,0.510000,0.000625,4992,-23.643111,6427.370000,38963.400000
397,4386436,4392955,4393414,0.460000,0.000644,4835,-24.451561,6434.400000,39033.800000
398,4393414,4399689,4400108,0.420000,0.000614,4788,-23.319758,6441.130000,39100.900000
399,4400108,4406441,4406898,0.450000,0.000614,4968,-23.339225,6447.890000,39168.200000
400,4406898,4413477,4413896,0.420000,0.000627,4792,-23.886040,6454.920000,39238.600000
401,4413896,4420400,4421075,0.680000,0.000630,4689,-24.048372,6461.840000,39308.200000
402,4421075,4428043,4428445,0.400000,0.000644,5112,-24.664164,6469.490000,39383.800000
403,4428445,4435012,4435465,0.450000,0.000634,4915,-24.293103,6476.460000,39453.300000
404,4435465,4442116,4442561,0.450000,0.000629,5125,-24.138589,6483.560000,39524.700000
405,4442561,4449200,4449548,0.350000,0.000652,4541,-25.117702,6490.640000,39595.000000
406,4449548,4456579,4457037,0.460000,0.000639,5574,-24.658210,6498.020000,39668.600000
407,4457037,4463574,4464152,0.580000,0.000645,4956,-24.942350,6505.020000,39739.100000
408,4464152,4470248,4470781,0.540000,0.000619,4672,-23.936047,6511.690000,39805.300000
409,4470781,4476745,4477276,0.530000,0.000628,4340,-24.343430,6518.190000,39869.900000
410,4477276,4484004,4484433,0.430000,0.000635,5201,-24.647035,6525.450000,39942.200000
411,4484433,4490347,4491145,0.800000,0.000622,4945,-24.202788,6531.790000,40006.300000
412,4491145,4497026,4497385,0.360000,0.000594,4437,-23.094578,6538.470000,40072.700000
413,4497385,4503580,4504039,0.460000,0.000611,4927,-23.808874,6545.020000,40138.100000
414,4504039,4509598,4510155,0.560000,0.000588,4526,-22.922195,6551.040000,40197.900000
415,4510155,4515878,4516343,0.470000,0.000586,4734,-22.874872,6557.320000,40260.400000
416,4516343,4522226,4522673,0.450000,0.000605,4474,-23.711186,6563.670000,40323.700000
417,4522673,4528900,4529471,0.580000,0.000625,4643,-24.561011,6570.340000,40390.000000
418,4529471,4534930,4535459,0.530000,0.000583,4380,-22.884446,6576.370000,40450.500000
419,4535459,4541483,4541991,0.510000,0.000598,4777,-23.514168,6582.930000,40516.000000
420,4541991,4547598,4548222,0.630000,0.000603,4546,-23.758585,6589.040000,40577.100000
421,4548222,4554578,4555169,0.590000,0.000632,4692,-24.981532,6596.020000,40646.900000
422,4555169,4561044,4561724,0.680000,0.000629,4437,-24.906609,6602.490000,40711.900000
423,4561724,4568191,4568621,0.430000,0.000637,4842,-25.289918,6609.640000,40782.400000
424,4568621,4575207,4575598,0.390000,0.000645,4760,-25.661164,6616.650000,40852.500000
425,4575598,4582258,4582712,0.460000,0.000640,5114,-25.478132,6623.700000,40922.900000
426,4582712,4589273,4589693,0.420000,0.000651,4798,-26.002352,6630.720000,40992.900000
427,4589693,4596481,4596912,0.430000,0.000659,4698,-26.346204,6637.930000,41064.800000
428,4596912,4603598,4604019,0.420000,0.000668,4397,-26.769485,6645.040000,41136.000000
429,4604019,4610603,4611174,0.570000,0.000641,4932,-25.708099,6652.050000,41206.100000
430,4611174,4617380,4617810,0.430000,0.000633,4776,-25.419985,6658.820000,41273.400000
431,4617810,4623867,4624334,0.470000,0.000624,4670,-25.100439,6665.310000,41338.200000
432,4624334,4630391,4630878,0.480000,0.000606,5071,-24.407272,6671.840000,41403.300000
433,4630878,4637068,4637582,0.520000,0.000618,4765,-24.922544,6678.510000,41470.000000
434,4637582,4643350,4643814,0.470000,0.000616,4504,-24.866674,6684.790000,41533.100000
435,4643814,4648213,4650390,2.170000,0.000630,4399,-25.518471,6689.660000,41581.600000
436,4650390,4656965,4657291,0.330000,0.000613,5037,-24.825892,6698.410000,41668.500000
437,4657291,4663795,4664220,0.420000,0.000624,5011,-25.328027,6705.240000,41736.500000
438,4664220,4670731,4671279,0.540000,0.000620,5018,-25.213816,6712.180000,41805.800000
439,4671279,4677284,4677864,0.580000,0.000601,4762,-24.474915,6718.730000,41871.900000
440,4677864,4683191,4683698,0.500000,0.000588,4397,-23.954703,6724.640000,41930.300000
441,4683698,4690413,4690920,0.500000,0.000638,5133,-26.114379,6731.860000,42002.100000
442,4690920,4697127,4697827,0.700000,0.000638,4654,-26.132627,6738.570000,42069.800000
443,4697827,4703548,4704261,0.720000,0.000636,3779,-26.080741,6744.990000,42133.700000
444,4704261,4710523,4711076,0.550000,0.000640,4310,-26.304332,6751.970000,42203.000000
445,4711076,4717027,4717562,0.540000,0.000596,4775,-24.499098,6758.470000,42267.600000
446,4717562,4723580,4724241,0.670000,0.000617,4977,-25.440272,6765.020000,42333.600000
447,4724241,4730780,4731243,0.470000,0.000632,4595,-26.093100,6772.220000,42404.900000
448,4731243,4737540,4738036,0.500000,0.000624,4492,-25.808335,6778.980000,42472.500000
449,4738036,4744455,4744983,0.530000,0.000616,5039,-25.518953,6785.900000,42541.400000
450,4744983,4750752,4751352,0.600000,0.000622,4065,-25.811579,6792.200000,42604.300000
451,4751352,4756808,4757319,0.510000,0.000574,4539,-23.801272,6798.250000,42664.600000
452,4757319,4763558,4764075,0.520000,0.000615,4703,-25.567109,6805.000000,42732.400000
453,4764075,4770143,4770778,0.630000,0.000604,4704,-25.153142,6811.590000,42797.900000
454,4770778,4776562,4777174,0.610000,0.000596,4485,-24.859465,6818.010000,42862.000000
455,4777174,4783440,4783914,0.480000,0.000616,4437,-25.743609,6824.880000,42931.100000
456,4783914,4789792,4790275,0.480000,0.000591,4602,-24.710963,6831.240000,42993.600000
457,4790275,4796106,4796825,0.720000,0.000610,4853,-25.562822,6837.550000,43057.600000
458,4796825,4802770,4803359,0.590000,0.000609,4522,-25.563764,6844.210000,43123.500000
459,4803359,4809268,4809897,0.630000,0.000602,4292,-25.302062,6850.710000,43188.000000
460,4809897,4815518,4815956,0.440000,0.000562,4652,-23.607215,6856.960000,43250.600000
461,4815956,4821816,4822356,0.540000,0.000586,4727,-24.690478,6863.260000,43313.400000
462,4822356,4828379,4828910,0.530000,0.000600,4263,-25.330765,6869.820000,43379.500000
463,4828910,4834082,4834619,0.530000,0.000581,3791,-24.532510,6875.530000,43435.600000
464,4834619,4840459,4841006,0.550000,0.000592,4513,-25.033471,6881.900000,43499.600000
465,4841006,4846952,4847587,0.630000,0.000599,4457,-25.382510,6888.400000,43564.100000
466,4847587,4853433,4853970,0.530000,0.000584,4809,-24.782337,6894.880000,43628.900000
467,4853970,4859858,4860477,0.620000,0.000589,4653,-25.048020,6901.300000,43693.800000
468,4860477,4866490,4867149,0.660000,0.000635,4099,-27.099498,6907.930000,43759.300000
469,4867149,4872372,4873012,0.640000,0.000557,4422,-23.704549,6913.820000,43818.000000
470,4873012,4878582,4879140,0.550000,0.000579,4616,-24.694065,6920.030000,43880.000000
471,4879140,4884871,4885423,0.550000,0.000596,4457,-25.479495,6926.320000,43942.900000
472,4885423,4891146,4891620,0.470000,0.000608,4144,-26.046289,6932.590000,44005.500000
473,4891620,4897561,4898137,0.570000,0.000601,4716,-25.789252,6939.010000,44069.300000
474,4898137,4903975,4904518,0.540000,0.000597,4507,-25.651623,6945.420000,44133.300000
475,4904518,4910489,4910990,0.500000,0.000599,4784,-25.765022,6951.930000,44198.300000
476,4910990,4916988,4917550,0.560000,0.000613,4321,-26.423945,6958.430000,44263.200000
477,4917550,4923807,4924312,0.510000,0.000619,4764,-26.733495,6965.250000,44331.100000
478,4924312,4930308,4930822,0.520000,0.000611,4598,-26.422705,6971.750000,44396.100000
479,4930822,4936824,4937410,0.580000,0.000602,4759,-26.076661,6978.270000,44461.100000
480,4937410,4942920,4943522,0.610000,0.000585,4365,-25.359891,6984.360000,44522.100000
481,4943522,4949420,4950156,0.740000,0.000624,4418,-27.145050,6990.860000,44586.800000
482,4950156,4955850,4956224,0.380000,0.000588,4400,-25.557905,6997.290000,44651.100000
483,4956224,4962296,4962957,0.660000,0.000622,4598,-27.103593,7003.740000,44715.500000
484,4962957,4968513,4969009,0.490000,0.000571,4277,-24.875970,7009.960000,44777.400000
485,4969009,4975046,4975596,0.550000,0.000606,4758,-26.464578,7016.490000,44842.600000
486,4975596,4981413,4982124,0.710000,0.000600,4515,-26.248202,7022.860000,44906.000000
487,4982124,4987388,4987942,0.560000,0.000565,4270,-24.711292,7028.830000,44965.800000
488,4987942,4993768,4994381,0.620000,0.000593,4717,-26.000336,7035.210000,45029.400000
489,4994381,5000071,5000675,0.600000,0.000593,4462,-26.043355,7041.520000,45092.300000
490,5000675,5005657,5006357,0.700000,0.000571,4398,-25.065497,7047.100000,45148.100000
491,5006357,5012822,5013441,0.620000,0.000645,4346,-28.449996,7054.270000,45219.300000
492,5013441,5019067,5019607,0.540000,0.000619,4114,-27.313304,7060.510000,45281.500000
493,5019607,5025982,5026437,0.450000,0.000638,4413,-28.235847,7067.430000,45350.900000
494,5026437,5031915,5032388,0.470000,0.000593,4344,-26.208158,7073.360000,45410.100000
495,5032388,5038415,5039036,0.620000,0.000620,4782,-27.514200,7079.860000,45474.600000
496,5039036,5045125,5045943,0.820000,0.000622,4890,-27.610684,7086.570000,45542.600000
497,5045943,5051175,5051784,0.610000,0.000581,4299,-25.795628,7092.620000,45602.500000
498,5051784,5057444,5058056,0.610000,0.000600,4497,-26.691909,7098.890000,45664.800000
499,5058056,5063530,5064075,0.550000,0.000586,4396,-26.086274,7104.970000,45725.300000
500,5064075,5069965,5070579,0.610000,0.000614,4374,-27.415406,7111.410000,45789.700000
501,5070579,5076514,5077037,0.520000,0.000610,4686,-27.290265,7117.960000,45855.000000
502,5077037,5083024,5083588,0.560000,0.000624,4534,-27.959084,7124.470000,45919.800000
503,5083588,5088993,5089589,0.590000,0.000604,4521,-27.055693,7130.440000,45979.500000
504,5089589,5095441,5095960,0.510000,0.000612,4547,-27.502375,7136.890000,46043.800000
505,5095960,5101744,5102323,0.580000,0.000617,4339,-27.749394,7143.190000,46106.600000
506,5102323,5108050,5108622,0.580000,0.000610,4584,-27.458992,7149.490000,46169.700000
507,5108622,5114367,5114986,0.620000,0.000613,4397,-27.660740,7155.810000,46232.400000
508,5114986,5120852,5121461,0.610000,0.000637,4056,-28.796019,7162.300000,46297.100000
509,5121461,5127599,5128202,0.610000,0.000633,4612,-28.661833,7169.040000,46364.600000
510,5128202,5134412,5134969,0.550000,0.000635,4622,-28.798751,7175.860000,46432.700000
511,5134969,5140201,5140687,0.480000,0.000589,4042,-26.669688,7181.650000,46490.300000
512,5140687,5146375,5147012,0.640000,0.000606,4626,-27.526671,7187.820000,46552.700000
513,5147012,5152108,5152607,0.500000,0.000584,4067,-26.524397,7193.550000,46609.100000
514,5152607,5158658,5159185,0.530000,0.000628,4850,-28.625445,7200.100000,46674.500000
515,5159185,5164901,5165456,0.550000,0.000622,4393,-28.375943,7206.350000,46737.900000
516,5165456,5171510,5171973,0.470000,0.000638,4495,-29.152180,7212.950000,46802.700000
517,5171973,5178031,5178537,0.500000,0.000628,4527,-28.716296,7219.480000,46867.700000
518,5178537,5184581,5185066,0.480000,0.000622,4704,-28.491520,7226.030000,46933.400000
519,5185066,5191463,5191944,0.480000,0.000649,4640,-29.811935,7232.910000,47001.900000
520,5191944,5198056,5198674,0.620000,0.000630,4851,-28.939241,7239.500000,47067.600000
521,5198674,5204236,5204785,0.550000,0.000617,4348,-28.388563,7245.680000,47129.500000
522,5204785,5211073,5211648,0.570000,0.000644,4705,-29.696000,7252.520000,47197.500000
523,5211648,5217994,5218432,0.440000,0.000644,4609,-29.733814,7259.440000,47266.500000
524,5218432,5224160,5224744,0.590000,0.000623,4711,-28.778985,7265.600000,47328.100000
525,5224744,5230652,5231231,0.580000,0.000639,4466,-29.568129,7272.100000,47393.000000
526,5231231,5237002,5237472,0.470000,0.000609,4576,-28.213495,7278.450000,47456.300000
527,5237472,5243411,5243880,0.460000,0.000642,4513,-29.820850,7284.860000,47520.400000
528,5243880,5249594,5250212,0.620000,0.000637,4489,-29.632609,7291.040000,47582.500000
529,5250212,5255837,5256337,0.500000,0.000637,4362,-29.663870,7297.280000,47644.900000
530,5256337,5262409,5262985,0.580000,0.000657,4548,-30.658509,7303.850000,47710.100000
531,5262985,5269227,5269651,0.430000,0.000675,4276,-31.530936,7310.670000,47777.900000
532,5269651,5275901,5276387,0.480000,0.000648,4795,-30.279143,7317.350000,47844.700000
533,5276387,5282235,5282791,0.560000,0.000636,4472,-29.785844,7323.680000,47907.600000
534,5282791,5289110,5289561,0.460000,0.000646,4797,-30.272995,7330.550000,47976.400000
535,5289561,5295681,5296164,0.480000,0.000648,4940,-30.441714,7337.130000,48042.100000
536,5296164,5302417,5302977,0.560000,0.000647,4453,-30.414141,7343.860000,48109.600000
537,5302977,5308407,5308917,0.510000,0.000622,4152,-29.274672,7349.850000,48168.800000
538,5308917,5315053,5315511,0.460000,0.000642,4491,-30.255168,7356.500000,48235.100000
539,5315511,5321586,5322188,0.600000,0.000647,4769,-30.529367,7363.030000,48300.400000
540,5322188,5328100,5328790,0.690000,0.000643,4701,-30.397578,7369.540000,48365.200000
541,5328790,5334697,5335293,0.600000,0.000643,4413,-30.439354,7376.140000,48431.200000
542,5335293,5340805,5341322,0.520000,0.000614,4310,-29.060223,7382.250000,48492.200000
543,5341322,5347763,5348299,0.530000,0.000655,4911,-31.086093,7389.210000,48561.500000
544,5348299,5354139,5354602,0.470000,0.000647,4267,-30.737907,7395.580000,48625.200000
545,5354602,5360604,5361193,0.590000,0.000661,4427,-31.460033,7402.050000,48689.900000
546,5361193,5367406,5368055,0.650000,0.000651,4447,-31.048452,7408.850000,48757.800000
547,5368055,5374118,5374543,0.430000,0.000636,4437,-30.364658,7415.560000,48825.500000
548,5374543,5380527,5381133,0.610000,0.000640,4692,-30.607959,7421.970000,48888.600000
549,5381133,5387309,5387788,0.480000,0.000665,4435,-31.859065,7428.750000,48956.400000
550,5387788,5393758,5394199,0.440000,0.000667,4339,-32.007715,7435.200000,49020.700000
551,5394199,5400275,5400825,0.550000,0.000648,4928,-31.126260,7441.720000,49086.000000
552,5400825,5406902,5407382,0.480000,0.000640,4592,-30.750477,7448.350000,49151.900000
553,5407382,5413183,5413854,0.670000,0.000660,4225,-31.777917,7454.630000,49215.500000
554,5413854,5419248,5419827,0.580000,0.000615,4357,-29.606761,7460.690000,49275.000000
555,5419827,5426248,5426825,0.580000,0.000649,5068,-31.340347,7467.690000,49345.100000
556,5426825,5432536,5433144,0.610000,0.000643,4554,-31.058799,7473.980000,49407.900000
557,5433144,5439422,5440075,0.650000,0.000656,4453,-31.767080,7480.870000,49476.500000
558,5440075,5446086,5446528,0.440000,0.000626,4784,-30.304478,7487.530000,49542.700000
559,5446528,5452542,5453088,0.540000,0.000640,4716,-31.063389,7493.990000,49607.100000
560,5453088,5458596,5459274,0.680000,0.000625,4348,-30.325544,7500.040000,49667.700000
561,5459274,5465511,5465962,0.450000,0.000645,4732,-31.354871,7506.960000,49736.400000
562,5465962,5472443,5473045,0.600000,0.000686,4594,-33.480932,7513.890000,49805.700000
563,5473045,5479392,5479910,0.510000,0.000689,4389,-33.667148,7520.840000,49875.200000
564,5479910,5486305,5486712,0.410000,0.000661,4649,-32.288700,7527.750000,49942.700000
