Event,StartRow,FailRow,EndRow,SlipDuration,Stiffness,NptsStiffness,StiffnessIntercept,FailTime,FailDisplacement
0,1377020,1378458,1380778,2.320000,0.000189,1135,-1.718122,4610.840000,12786.300000
1,1380778,1382980,1385071,2.090000,0.000125,1527,-0.907620,4615.360000,12831.400000
2,1385071,1387884,1389947,2.070000,0.000086,2813,-0.421027,4620.260000,12880.300000
3,1389947,1392036,1394573,2.540000,0.000142,1895,-1.135758,4624.410000,12921.700000
4,1394573,1397361,1399898,2.540000,0.000124,2647,-0.921653,4629.740000,12974.900000
5,1399898,1401598,1404311,2.710000,0.000122,1691,-0.897942,4633.980000,13017.200000
6,1404311,1406535,1409013,2.480000,0.000108,2224,-0.722210,4638.910000,13066.400000
7,1409013,1411943,1414845,2.900000,0.000141,1910,-1.158019,4644.320000,13120.000000
8,1414845,1416403,1418772,2.370000,0.000255,1050,-2.663846,4648.780000,13164.500000
9,1418772,1421985,1423847,1.870000,0.000118,3213,-0.863257,4654.360000,13218.800000
10,1423847,1426466,1428424,1.960000,0.000209,2401,-2.084253,4658.840000,13263.200000
11,1428424,1431147,1433012,1.860000,0.000172,2667,-1.595539,4663.530000,13310.000000
12,1433012,1435661,1437455,1.790000,0.000161,2649,-1.463277,4668.040000,13353.900000
13,1437455,1440141,1442115,1.970000,0.000204,2613,-2.033555,4672.520000,13398.400000
14,1442115,1444341,1446701,2.360000,0.000177,2010,-1.692781,4676.720000,13440.400000
15,1446701,1448238,1451068,2.830000,0.000160,1380,-1.459423,4680.620000,13479.200000
16,1451068,1453272,1456996,3.720000,0.000088,2204,-0.494301,4685.650000,13529.500000
17,1456996,1459153,1461011,1.860000,0.000223,2157,-2.343588,4691.530000,13588.000000
18,1461011,1464268,1465861,1.590000,0.000133,3257,-1.125070,4696.650000,13638.300000
19,1465861,1468638,1470616,1.970000,0.000225,2329,-2.384440,4701.020000,13681.400000
20,1470616,1472904,1474841,1.940000,0.000205,2236,-2.116517,4705.280000,13723.800000
21,1474841,1477259,1479470,2.210000,0.000161,2418,-1.530812,4709.640000,13767.300000
22,1479470,1556306,1541693,-14.610000,0.000199,1645,-2.052258,4788.680000,13853.400000
23,1541693,1565735,1567681,1.950000,0.000024,53,0.335174,4798.110000,13947.400000
24,1567681,1569010,1570785,1.770000,0.001771,65,-24.047213,4801.390000,13979.900000
25,1570785,1572888,1574683,1.790000,0.000247,2103,-2.763953,4805.270000,14019.000000
26,1574683,1576760,1578695,1.930000,0.000212,1965,-2.294566,4809.140000,14058.000000
27,1578695,1580907,1582701,1.790000,0.000135,1965,-1.206222,4813.290000,14099.600000
28,1582701,1585739,1586682,0.940000,0.000154,2949,-1.491828,4818.120000,14147.600000
29,1586682,1589288,1591693,2.400000,0.000191,2606,-2.016104,4821.670000,14182.900000
30,1591693,1593719,1595448,1.730000,0.000227,1633,-2.537418,4826.100000,14227.100000
31,1595448,1597914,1599699,1.790000,0.000255,2192,-2.942614,4830.290000,14269.100000
32,1599699,1601724,1603677,1.960000,0.000215,1947,-2.388505,4834.100000,14306.900000
33,1603677,1605770,1607696,1.920000,0.000204,1986,-2.238915,4838.150000,14347.800000
34,1607696,1610756,1612680,1.930000,0.000086,2965,-0.545823,4843.130000,14397.400000
35,1612680,1614735,1616696,1.960000,0.000205,1925,-2.263271,4847.110000,14436.900000
36,1616696,1618755,1620695,1.940000,0.000169,1960,-1.759452,4851.130000,14477.100000
37,1620695,1623520,1625692,2.170000,0.000136,2825,-1.285497,4855.900000,14524.700000
38,1625692,1627736,1629824,2.090000,0.000136,1955,-1.293174,4860.110000,14566.800000
39,1629824,1632016,1630695,-1.320000,0.001002,72,-13.926987,4864.390000,14609.300000
40,1630695,1636299,1638698,2.400000,0.001145,96,-16.017845,4868.680000,14652.300000
41,1638698,1640143,1641688,1.550000,0.001420,107,-20.157448,4872.520000,14689.100000
42,1641688,1644984,1646689,1.710000,0.001520,100,-21.655214,4877.360000,14736.700000
43,1646689,1649784,1651008,1.230000,0.000165,2964,-1.754960,4882.160000,14784.700000
44,1651008,1653956,1655829,1.880000,0.001355,139,-19.366749,4886.330000,14825.800000
45,1655829,1658757,1661698,2.940000,0.000147,1830,-1.501616,4891.140000,14874.500000
46,1661698,1663235,1665682,2.450000,0.001138,327,-16.266149,4895.610000,14918.100000
47,1665682,1666729,1668948,2.220000,0.001429,183,-20.663314,4899.110000,14953.900000
48,1668948,1671168,1672943,1.770000,0.000116,2220,-1.043473,4903.550000,14999.200000
49,1672943,1679844,1679954,0.110000,0.001228,199,-17.753552,4912.220000,15085.100000
50,1679954,1684652,1686469,1.820000,0.001573,518,-23.044091,4917.030000,15133.800000
51,1686469,1688343,1690755,2.410000,0.000206,1874,-2.428386,4920.720000,15169.600000
52,1690755,1693075,1695197,2.130000,0.000336,1501,-4.414125,4925.450000,15216.900000
53,1695197,1697608,1699912,2.300000,0.000181,986,-2.067681,4929.990000,15262.300000
54,1699912,1701889,1704200,2.310000,0.000388,1433,-5.239137,4934.270000,15304.500000
55,1704200,1706280,1708214,1.930000,0.000237,2080,-2.947334,4938.660000,15348.300000
56,1708214,1710788,1712503,1.710000,0.000366,2016,-4.946210,4943.170000,15393.300000
57,1712503,1714838,1716697,1.860000,0.000359,2092,-4.848959,4947.220000,15433.300000
58,1716697,1719394,1720987,1.600000,0.000335,2399,-4.491660,4951.770000,15478.800000
59,1720987,1723379,1725568,2.190000,0.000293,2392,-3.856633,4955.760000,15518.700000
60,1725568,1728239,1729891,1.650000,0.000452,1734,-6.340925,4960.620000,15567.100000
61,1729891,1732654,1734524,1.870000,0.000341,2666,-4.628216,4965.030000,15611.300000
62,1734524,1737038,1738685,1.640000,0.000340,2504,-4.635133,4969.420000,15655.100000
63,1738685,1741642,1743416,1.770000,0.000331,2831,-4.511666,4974.020000,15701.200000
64,1743416,1746215,1747834,1.620000,0.000276,2799,-3.648419,4978.590000,15746.800000
65,1747834,1750729,1752399,1.670000,0.000397,2674,-5.578317,4983.110000,15791.800000
66,1752399,1755493,1757228,1.740000,0.000401,2798,-5.653042,4987.870000,15839.200000
67,1757228,1760025,1761717,1.700000,0.000443,2698,-6.336395,4992.400000,15884.400000
68,1761717,1764807,1766861,2.050000,0.000362,2495,-5.079050,4997.190000,15931.100000
69,1766861,1769654,1771315,1.660000,0.000281,2793,-3.804673,5002.030000,15979.200000
70,1771315,1774135,1776246,2.110000,0.000441,2462,-6.370203,5006.510000,16023.900000
71,1776246,1779021,1780488,1.470000,0.000385,2000,-5.486077,5011.400000,16072.800000
72,1780488,1783472,1784825,1.350000,0.000277,2771,-3.774160,5015.850000,16117.200000
73,1784825,1787661,1789441,1.780000,0.000200,2583,-2.544016,5020.040000,16159.100000
74,1789441,1791900,1793174,1.270000,0.000179,2459,-2.209828,5024.280000,16201.400000
75,1793174,1796713,1798123,1.410000,0.000066,3537,-0.378570,5029.090000,16248.900000
76,1798123,1800068,1801895,1.820000,0.000087,1926,-0.723548,5032.450000,16282.000000
77,1801895,1804974,1807988,3.020000,0.000041,3074,0.010980,5037.350000,16329.700000
78,1807988,1809341,1811852,2.510000,0.000212,1160,-2.779332,5041.720000,16372.600000
79,1811852,1813799,1816218,2.420000,0.000274,1580,-3.802588,5046.180000,16416.700000
80,1816218,1818646,1820629,1.990000,0.000289,1960,-4.064523,5051.020000,16465.100000
81,1820629,1823243,1825085,1.840000,0.000309,2131,-4.413058,5055.620000,16510.500000
82,1825085,1828186,1829883,1.700000,0.000288,2821,-4.073504,5060.560000,16557.800000
83,1829883,1832888,1834443,1.550000,0.000252,2776,-3.485338,5065.270000,16602.700000
84,1834443,1837402,1839154,1.750000,0.000370,1999,-5.468099,5069.780000,16647.200000
85,1839154,1841811,1843280,1.470000,0.000379,2369,-5.636214,5074.190000,16691.100000
86,1843280,1846647,1848088,1.440000,0.000391,3246,-5.850202,5079.030000,16739.300000
87,1848088,1851596,1852913,1.320000,0.000437,3031,-6.646674,5083.970000,16788.700000
88,1852913,1856261,1857809,1.550000,0.000425,2873,-6.461947,5088.640000,16835.100000
89,1857809,1860948,1862438,1.490000,0.000398,2891,-6.017618,5093.330000,16881.700000
90,1862438,1865545,1867504,1.960000,0.000380,2479,-5.734163,5097.920000,16927.700000
91,1867504,1870459,1871829,1.370000,0.000340,2292,-5.071379,5102.840000,16977.000000
92,1871829,1874810,1876378,1.570000,0.000381,2867,-5.791751,5107.190000,17020.300000
93,1876378,1879389,1880866,1.470000,0.000463,2476,-7.200210,5111.770000,17066.000000
94,1880866,1884229,1885652,1.420000,0.000409,2941,-6.298325,5116.610000,17113.300000
95,1885652,1889090,1890578,1.490000,0.000418,3140,-6.473436,5121.470000,17159.400000
96,1890578,1893878,1895320,1.440000,0.000394,2626,-6.086243,5126.260000,17206.300000
97,1895320,1898715,1899979,1.270000,0.000517,2831,-8.223155,5131.090000,17254.000000
98,1899979,1904061,1905398,1.340000,0.000523,3520,-8.352323,5136.440000,17306.200000
99,1905398,1908978,1910429,1.450000,0.000494,2812,-7.880956,5141.360000,17355.000000
100,1910429,1913880,1915457,1.580000,0.000476,3170,-7.585099,5146.260000,17403.100000
101,1915457,1918807,1920197,1.390000,0.000453,2944,-7.218582,5151.190000,17451.200000
102,1920197,1923872,1925129,1.260000,0.000500,2962,-8.057030,5156.250000,17500.100000
103,1925129,1928670,1929809,1.140000,0.000493,2909,-7.956772,5161.050000,17548.100000
104,1929809,1933501,1934767,1.270000,0.000462,3468,-7.428373,5165.880000,17596.000000
105,1934767,1938643,1939790,1.150000,0.000516,3034,-8.402244,5171.020000,17647.600000
106,1939790,1943147,1944623,1.470000,0.000424,3165,-6.806549,5175.530000,17692.300000
107,1944623,1947969,1949392,1.420000,0.000466,2942,-7.568146,5180.350000,17740.700000
108,1949392,1952861,1953990,1.130000,0.000460,2706,-7.485588,5185.240000,17789.300000
109,1953990,1957739,1959115,1.370000,0.000529,3071,-8.733754,5190.120000,17838.100000
110,1959115,1963152,1964372,1.220000,0.000507,2829,-8.369289,5195.530000,17891.900000
111,1964372,1968156,1969492,1.340000,0.000496,3306,-8.205557,5200.530000,17942.100000
112,1969492,1973189,1974430,1.240000,0.000462,3266,-7.612318,5205.570000,17992.200000
113,1974430,1978122,1979343,1.220000,0.000478,3193,-7.920229,5210.500000,18041.500000
114,1979343,1982902,1984340,1.440000,0.000467,3142,-7.746733,5215.280000,18089.300000
115,1984340,1987869,1989055,1.180000,0.000507,2834,-8.507151,5220.250000,18139.000000
116,1989055,1992971,1994093,1.120000,0.000518,3202,-8.731811,5225.350000,18189.900000
117,1994093,1997855,1999270,1.420000,0.000533,3310,-9.025424,5230.230000,18238.600000
118,1999270,2002955,2004102,1.150000,0.000504,3214,-8.511528,5235.330000,18289.400000
119,2004102,2007662,2008906,1.240000,0.000488,3067,-8.253816,5240.040000,18336.600000
120,2008906,2012311,2013638,1.330000,0.000466,3162,-7.878170,5244.690000,18382.700000
121,2013638,2017641,2018737,1.100000,0.000540,3143,-9.261896,5250.020000,18436.000000
122,2018737,2022871,2023991,1.120000,0.000528,3544,-9.059357,5255.250000,18488.000000
123,2023991,2028223,2029451,1.230000,0.000553,3669,-9.554795,5260.600000,18541.400000
124,2029451,2033218,2034516,1.290000,0.000481,3225,-8.250538,5265.600000,18591.300000
125,2034516,2038304,2039442,1.140000,0.000526,3195,-9.115699,5270.680000,18642.000000
126,2039442,2043386,2044625,1.240000,0.000534,3681,-9.291639,5275.760000,18692.900000
127,2044625,2048493,2049657,1.170000,0.000519,3283,-9.027738,5280.870000,18743.800000
128,2049657,2053516,2054695,1.180000,0.000527,3239,-9.215550,5285.890000,18793.900000
129,2054695,2058234,2059477,1.250000,0.000480,3140,-8.354955,5290.610000,18841.200000
130,2059477,2063280,2064398,1.120000,0.000511,3516,-8.959434,5295.660000,18891.400000
131,2064398,2068629,2069793,1.160000,0.000597,3403,-10.616483,5301.010000,18944.700000
132,2069793,2073651,2074948,1.300000,0.000543,3278,-9.610748,5306.030000,18995.200000
133,2074948,2078571,2079691,1.120000,0.000453,3436,-7.923341,5310.950000,19043.100000
134,2079691,2083566,2084874,1.310000,0.000554,3460,-9.874170,5315.940000,19092.800000
135,2084874,2088856,2089936,1.080000,0.000548,3264,-9.792612,5321.230000,19144.600000
136,2089936,2094378,2095556,1.170000,0.000580,3929,-10.443324,5326.760000,19198.800000
137,2095556,2099344,2100922,1.580000,0.000495,3308,-8.837322,5331.720000,19248.200000
138,2100922,2104405,2105671,1.270000,0.000537,2710,-9.656423,5336.780000,19298.100000
139,2105671,2109166,2110215,1.050000,0.000508,2831,-9.126641,5341.540000,19345.200000
140,2110215,2114577,2115863,1.280000,0.000579,3775,-10.530312,5346.960000,19398.400000
141,2115863,2119662,2120929,1.270000,0.000571,3268,-10.407058,5352.040000,19448.300000
142,2120929,2124986,2126133,1.150000,0.000560,3331,-10.213066,5357.360000,19501.000000
143,2126133,2129847,2131065,1.210000,0.000566,3113,-10.366914,5362.230000,19548.800000
144,2131065,2134323,2135683,1.360000,0.000485,3139,-8.800105,5366.700000,19595.200000
145,2135683,2139023,2140700,1.680000,0.000576,2947,-10.614991,5371.400000,19642.800000
146,2140700,2143769,2145049,1.280000,0.000400,2498,-7.178607,5376.150000,19690.300000
147,2145049,2148052,2149695,1.640000,0.000460,2807,-8.387872,5380.430000,19733.300000
148,2149695,2152860,2154034,1.170000,0.000534,2483,-9.874834,5385.240000,19782.000000
149,2154034,2157343,2158586,1.240000,0.000516,2645,-9.526886,5389.720000,19827.200000
150,2158586,2162162,2163370,1.210000,0.000582,2706,-10.870949,5394.540000,19877.100000
151,2163370,2167061,2168494,1.430000,0.000545,3228,-10.156899,5399.440000,19924.600000
152,2168494,2172010,2173007,1.000000,0.000525,2753,-9.795394,5404.390000,19973.000000
153,2173007,2176994,2177956,0.960000,0.000566,3592,-10.625759,5409.370000,20022.600000
154,2177956,2182398,2183358,0.960000,0.000594,3629,-11.225684,5414.780000,20076.500000
155,2183358,2187722,2188724,1.000000,0.000562,3682,-10.620167,5420.100000,20129.400000
156,2188724,2192851,2194096,1.240000,0.000554,3581,-10.489464,5425.230000,20180.700000
157,2194096,2198003,2199122,1.120000,0.000541,3194,-10.247104,5430.380000,20232.000000
158,2199122,2203131,2204319,1.190000,0.000580,3401,-11.063230,5435.510000,20283.100000
159,2204319,2208434,2209515,1.080000,0.000564,3662,-10.767584,5440.810000,20336.100000
160,2209515,2213923,2214980,1.060000,0.000610,3690,-11.741031,5446.300000,20390.900000
161,2214980,2219090,2220200,1.110000,0.000569,3664,-10.942156,5451.470000,20442.300000
162,2220200,2224422,2225416,0.990000,0.000582,3783,-11.232726,5456.800000,20495.500000
163,2225416,2229677,2230626,0.940000,0.000563,3481,-10.872764,5462.060000,20548.300000
164,2230626,2235185,2236343,1.160000,0.000586,3748,-11.371497,5467.560000,20602.900000
165,2236343,2240638,2241788,1.150000,0.000561,3641,-10.896392,5473.020000,20657.500000
166,2241788,2245878,2246973,1.090000,0.000538,3083,-10.433853,5478.260000,20709.700000
167,2246973,2250890,2252109,1.220000,0.000531,3511,-10.322701,5483.270000,20759.900000
168,2252109,2256156,2257493,1.340000,0.000562,3344,-10.996649,5488.530000,20812.500000
169,2257493,2261946,2262929,0.990000,0.000588,3177,-11.571344,5494.320000,20870.100000
170,2262929,2267069,2268074,1.000000,0.000546,3509,-10.715654,5499.450000,20921.400000
171,2268074,2272202,2273329,1.130000,0.000524,3696,-10.291488,5504.580000,20972.600000
172,2273329,2277199,2278340,1.140000,0.000565,3192,-11.171652,5509.580000,21022.500000
173,2278340,2282352,2283290,0.940000,0.000562,3459,-11.142363,5514.730000,21073.800000
174,2283290,2287899,2288979,1.080000,0.000588,4096,-11.726901,5520.280000,21128.900000
175,2288979,2293503,2294477,0.980000,0.000577,3624,-11.525648,5525.880000,21184.900000
176,2294477,2298433,2299678,1.250000,0.000540,3230,-10.757859,5530.810000,21234.200000
177,2299678,2303893,2304810,0.920000,0.000567,3540,-11.376482,5536.270000,21288.500000
178,2304810,2309749,2310506,0.750000,0.000579,4150,-11.667815,5542.130000,21347.000000
179,2310506,2315447,2316357,0.910000,0.000590,4038,-11.930092,5547.830000,21403.800000
180,2316357,2320586,2321690,1.110000,0.000561,3647,-11.343390,5552.960000,21455.200000
181,2321690,2325552,2326746,1.190000,0.000553,3365,-11.191936,5557.930000,21504.900000
182,2326746,2330710,2331824,1.110000,0.000562,3177,-11.417520,5563.090000,21556.600000
183,2331824,2343364,2544684,201.320000,0.000567,3300,-11.558917,5575.740000,21592.700000
184,2544684,2586561,2587870,1.310000,0.000005,190,0.566513,5818.940000,21549.000000
185,2587870,2590267,2591773,1.500000,0.000344,2328,-6.728157,5822.650000,21585.900000
186,2591773,2594570,2595818,1.250000,0.000404,2460,-8.036769,5826.950000,21627.700000
187,2595818,2599692,2600530,0.840000,0.000523,3512,-10.637079,5832.070000,21677.200000
188,2600530,2604895,2605770,0.880000,0.000683,3750,-14.145754,5837.270000,21728.900000
189,2605770,2609208,2610365,1.150000,0.000573,3392,-11.782476,5841.590000,21771.800000
190,2610365,2614143,2615151,1.010000,0.000588,3108,-12.134770,5846.520000,21820.300000
191,2615151,2618943,2619950,1.010000,0.000567,3403,-11.708571,5851.320000,21866.900000
192,2619950,2623580,2624753,1.170000,0.000581,2679,-12.030676,5855.960000,21913.300000
193,2624753,2628253,2629164,0.910000,0.000561,3500,-11.626355,5860.630000,21958.700000
194,2629164,2633741,2634670,0.930000,0.000613,3040,-12.787320,5866.120000,22010.600000
195,2634670,2638569,2639694,1.120000,0.000575,3734,-11.987765,5870.950000,22057.600000
196,2639694,2643291,2644256,0.960000,0.000586,3142,-12.256393,5875.670000,22104.900000
197,2644256,2647916,2648966,1.050000,0.000554,3252,-11.565007,5880.290000,22151.200000
198,2648966,2652647,2653572,0.920000,0.000600,3122,-12.621161,5885.030000,22198.500000
199,2653572,2657477,2658740,1.260000,0.000591,3543,-12.440153,5889.860000,22246.600000
200,2658740,2662030,2663088,1.060000,0.000531,3143,-11.144769,5894.410000,22291.800000
201,2663088,2666960,2668184,1.220000,0.000633,3228,-13.440057,5899.340000,22341.100000
202,2668184,2672006,2673015,1.010000,0.000578,3424,-12.242499,5904.380000,22391.400000
203,2673015,2677095,2678385,1.290000,0.000633,3381,-13.505794,5909.470000,22442.200000
204,2678385,2682172,2683351,1.180000,0.000619,3098,-13.235615,5914.550000,22493.100000
205,2683351,2687269,2688384,1.110000,0.000604,3277,-12.908337,5919.650000,22543.600000
206,2688384,2692307,2693514,1.200000,0.000590,3262,-12.631802,5924.690000,22593.800000
207,2693514,2697257,2698315,1.050000,0.000559,3295,-11.966906,5929.640000,22643.100000
208,2698315,2702374,2703367,1.000000,0.000609,3439,-13.125325,5934.750000,22694.100000
209,2703367,2707570,2708619,1.050000,0.000615,3475,-13.297235,5939.950000,22746.000000
210,2708619,2712638,2713716,1.070000,0.000628,3358,-13.622204,5945.020000,22796.600000
211,2713716,2717667,2718496,0.820000,0.000625,3075,-13.583089,5950.050000,22846.800000
212,2718496,2723117,2724481,1.360000,0.000652,3795,-14.241564,5955.500000,22900.900000
213,2724481,2728287,2729302,1.010000,0.000626,2974,-13.678554,5960.670000,22952.600000
214,2729302,2733802,2734813,1.010000,0.000628,3760,-13.740173,5966.180000,23007.700000
215,2734813,2739237,2740036,0.790000,0.000646,3331,-14.186375,5971.620000,23062.000000
216,2740036,2744950,2745699,0.750000,0.000663,3990,-14.633450,5977.330000,23118.900000
217,2745699,2750137,2751176,1.030000,0.000628,3944,-13.858117,5982.520000,23170.700000
218,2751176,2755220,2756314,1.090000,0.000588,3538,-12.954495,5987.600000,23221.600000
219,2756314,2760022,2761293,1.270000,0.000545,2866,-11.990361,5992.400000,23269.600000
220,2761293,2765157,2766363,1.200000,0.000698,3000,-15.582321,5997.540000,23320.600000
221,2766363,2770739,2771501,0.760000,0.000643,3283,-14.320360,6003.120000,23376.500000
222,2771501,2776539,2777398,0.860000,0.000643,4008,-14.363691,6008.920000,23434.200000
223,2777398,2781840,2782748,0.910000,0.000584,3962,-13.022452,6014.220000,23486.900000
224,2782748,2787417,2788275,0.850000,0.000637,3660,-14.290046,6019.800000,23542.800000
225,2788275,2792674,2793566,0.890000,0.000584,4134,-13.082915,6025.050000,23595.300000
226,2793566,2798210,2799132,0.920000,0.000619,3787,-13.949539,6030.590000,23650.500000
227,2799132,2803869,2804877,1.010000,0.000629,3825,-14.200989,6036.250000,23707.000000
228,2804877,2808841,2809921,1.080000,0.000586,3311,-13.222932,6041.220000,23756.800000
229,2809921,2813881,2814843,0.960000,0.000569,3233,-12.855114,6046.260000,23806.900000
230,2814843,2819259,2820235,0.970000,0.000593,3959,-13.453467,6051.640000,23859.900000
231,2820235,2825049,2825933,0.880000,0.000643,4126,-14.689246,6057.430000,23917.200000
232,2825933,2830630,2831621,0.990000,0.000660,3998,-15.128747,6063.010000,23973.000000
233,2831621,2836094,2837268,1.180000,0.000647,3613,-14.840671,6068.470000,24027.300000
234,2837268,2841277,2842282,1.000000,0.000641,2769,-14.730692,6073.660000,24079.300000
235,2842282,2846603,2847633,1.030000,0.000660,3230,-15.232756,6078.980000,24132.300000
236,2847633,2852057,2852936,0.870000,0.000609,3790,-14.035322,6084.440000,24186.700000
237,2852936,2857466,2858494,1.030000,0.000608,3554,-14.032776,6089.840000,24241.000000
238,2858494,2862584,2863800,1.220000,0.000614,3528,-14.207222,6094.960000,24292.300000
239,2863800,2868497,2869344,0.840000,0.000619,4002,-14.367270,6100.880000,24351.000000
240,2869344,2873717,2874708,0.990000,0.000624,3449,-14.534057,6106.100000,24403.000000
241,2874708,2879299,2880374,1.070000,0.000611,3446,-14.253607,6111.680000,24459.000000
242,2880374,2884450,2885556,1.100000,0.000558,3578,-12.989163,6116.830000,24510.400000
243,2885556,2889609,2890556,0.940000,0.000534,3646,-12.430465,6121.990000,24561.900000
244,2890556,2895026,2895923,0.900000,0.000630,3892,-14.803751,6127.400000,24615.900000
245,2895923,2900460,2901415,0.950000,0.000622,3896,-14.651731,6132.840000,24670.300000
246,2901415,2905761,2906751,0.990000,0.000613,3536,-14.465125,6138.140000,24723.200000
247,2906751,2911111,2912153,1.040000,0.000644,3246,-15.253524,6143.490000,24776.500000
248,2912153,2916628,2917438,0.810000,0.000609,3563,-14.419469,6149.010000,24831.600000
249,2917438,2921653,2922784,1.130000,0.000605,3489,-14.352368,6154.030000,24881.800000
250,2922784,2926722,2927682,0.960000,0.000610,3171,-14.501198,6159.100000,24932.400000
251,2927682,2932341,2933300,0.960000,0.000669,3678,-16.017402,6164.720000,24988.300000
252,2933300,2938051,2938883,0.830000,0.000651,3741,-15.615362,6170.430000,25045.200000
253,2938883,2943490,2944416,0.920000,0.000577,4125,-13.772633,6175.870000,25099.500000
254,2944416,2948521,2949563,1.040000,0.000584,3327,-14.000516,6180.900000,25149.900000
255,2949563,2953718,2954816,1.090000,0.000580,3279,-13.912891,6186.100000,25201.700000
256,2954816,2958722,2959757,1.040000,0.000573,3249,-13.781542,6191.100000,25251.800000
257,2959757,2964320,2965217,0.900000,0.000616,3686,-14.900558,6196.700000,25307.600000
258,2965217,2969902,2970605,0.700000,0.000609,3859,-14.757976,6202.280000,25363.400000
259,2970605,2975413,2976336,0.920000,0.000650,3919,-15.815402,6207.790000,25418.200000
260,2976336,2980906,2981686,0.780000,0.000603,3938,-14.650874,6213.280000,25473.100000
261,2981686,2986434,2987477,1.050000,0.000663,3720,-16.225429,6218.810000,25528.300000
262,2987477,2991835,2992707,0.880000,0.000602,3444,-14.692684,6224.210000,25582.300000
263,2992707,2997611,2998701,1.090000,0.000611,4237,-14.978040,6229.990000,25640.000000
264,2998701,3003049,3004200,1.150000,0.000637,3306,-15.662413,6235.430000,25694.300000
265,3004200,3008236,3009317,1.090000,0.000643,2761,-15.856813,6240.610000,25746.300000
266,3009317,3013409,3014330,0.920000,0.000613,3334,-15.110173,6245.790000,25797.700000
267,3014330,3018794,3019682,0.890000,0.000592,3449,-14.614351,6251.170000,25851.500000
268,3019682,3024187,3025071,0.880000,0.000653,3530,-16.204876,6256.570000,25905.300000
269,3025071,3029471,3030664,1.190000,0.000637,3573,-15.842443,6261.850000,25958.100000
270,3030664,3034601,3035582,0.980000,0.000587,3263,-14.570638,6266.980000,26009.200000
271,3035582,3039866,3040864,1.000000,0.000639,3559,-15.944516,6272.240000,26061.900000
272,3040864,3045583,3046591,1.010000,0.000631,3854,-15.768631,6277.960000,26118.900000
273,3046591,3050957,3051956,0.990000,0.000619,3482,-15.502251,6283.340000,26172.500000
274,3051956,3056096,3057303,1.210000,0.000641,3119,-16.121208,6288.470000,26223.800000
275,3057303,3061577,3062638,1.060000,0.000608,3248,-15.268545,6293.960000,26278.600000
276,3062638,3066876,3067857,0.990000,0.000631,3330,-15.924560,6299.250000,26331.400000
277,3067857,3072408,3073339,0.930000,0.000618,3527,-15.596445,6304.790000,26386.600000
278,3073339,3077841,3078730,0.890000,0.000602,3596,-15.228503,6310.220000,26440.900000
279,3078730,3083073,3083917,0.850000,0.000633,3369,-16.071866,6315.450000,26493.200000
280,3083917,3088474,3089326,0.850000,0.000645,3615,-16.430560,6320.850000,26546.900000
281,3089326,3093686,3094857,1.180000,0.000634,3583,-16.151432,6326.060000,26599.100000
282,3094857,3099034,3100147,1.120000,0.000609,3583,-15.542259,6331.410000,26652.400000
283,3100147,3104371,3105541,1.170000,0.000601,3576,-15.352898,6336.750000,26705.700000
284,3105541,3109261,3110364,1.100000,0.000607,2858,-15.540471,6341.640000,26754.500000
285,3110364,3115139,3116027,0.890000,0.000647,3708,-16.659811,6347.520000,26813.200000
286,3116027,3120434,3121443,1.010000,0.000616,3860,-15.850166,6352.810000,26866.100000
287,3121443,3126091,3127126,1.030000,0.000612,3992,-15.788244,6358.470000,26922.500000
288,3127126,3131576,3132518,0.950000,0.000627,3630,-16.215167,6363.950000,26977.000000
289,3132518,3137048,3138017,0.970000,0.000616,3566,-15.941296,6369.430000,27031.800000
290,3138017,3142018,3142907,0.890000,0.000575,3502,-14.876408,6374.400000,27081.600000
291,3142907,3147309,3148164,0.850000,0.000619,3659,-16.100759,6379.690000,27134.300000
292,3148164,3152659,3153708,1.050000,0.000625,3641,-16.280285,6385.040000,27187.800000
293,3153708,3158096,3159167,1.080000,0.000602,3742,-15.701688,6390.470000,27242.100000
294,3159167,3163585,3164457,0.880000,0.000647,3416,-16.962210,6395.960000,27296.800000
295,3164457,3169068,3169967,0.900000,0.000619,3931,-16.225589,6401.450000,27351.500000
296,3169967,3174676,3175590,0.920000,0.000618,3745,-16.241962,6407.050000,27407.600000
297,3175590,3179996,3180937,0.950000,0.000603,3611,-15.867566,6412.370000,27460.700000
298,3180937,3185253,3186284,1.030000,0.000601,3730,-15.845064,6417.630000,27513.200000
299,3186284,3190944,3192002,1.060000,0.000643,3600,-17.017623,6423.320000,27569.900000
300,3192002,3196323,3197325,1.000000,0.000605,3554,-16.005455,6428.700000,27623.700000
301,3197325,3201502,3202347,0.850000,0.000581,3445,-15.381306,6433.880000,27675.400000
302,3202347,3207296,3208276,0.980000,0.000638,3820,-16.980609,6439.670000,27733.200000
303,3208276,3212287,3213288,1.000000,0.000562,3425,-14.925953,6444.670000,27783.000000
304,3213288,3217365,3218338,0.980000,0.000591,3514,-15.742208,6449.740000,27833.700000
305,3218338,3222464,3223458,1.000000,0.000597,3730,-15.940064,6454.840000,27884.500000
306,3223458,3228249,3229240,0.990000,0.000647,3943,-17.391768,6460.630000,27942.100000
307,3229240,3233919,3234824,0.900000,0.000638,3960,-17.157198,6466.300000,27998.700000
308,3234824,3239621,3240292,0.670000,0.000600,3843,-16.121313,6472.000000,28055.700000
309,3240292,3244559,3245472,0.910000,0.000550,3657,-14.753142,6476.940000,28105.100000
310,3245472,3249911,3250926,1.010000,0.000582,3793,-15.692878,6482.290000,28158.300000
311,3250926,3255380,3256353,0.970000,0.000630,3326,-17.062952,6487.760000,28212.800000
312,3256353,3260877,3261873,0.990000,0.000600,3850,-16.256356,6493.260000,28267.800000
313,3261873,3266331,3267483,1.150000,0.000611,3592,-16.613884,6498.710000,28322.300000
314,3267483,3271276,3272450,1.180000,0.000551,3172,-14.923854,6503.650000,28371.700000
315,3272450,3276173,3277183,1.010000,0.000503,3229,-13.604486,6508.550000,28420.700000
316,3277183,3281513,3282283,0.770000,0.000610,3457,-16.656601,6513.890000,28473.900000
317,3282283,3287113,3288045,0.930000,0.000660,3780,-18.117874,6519.490000,28529.600000
318,3288045,3292455,3293328,0.880000,0.000625,3568,-17.178695,6524.830000,28582.900000
319,3293328,3297861,3298825,0.960000,0.000639,3743,-17.589692,6530.240000,28636.900000
320,3298825,3303289,3304147,0.860000,0.000595,3536,-16.365305,6535.670000,28691.300000
321,3304147,3308635,3309712,1.080000,0.000621,3547,-17.158504,6541.010000,28744.700000
322,3309712,3313954,3315248,1.300000,0.000621,3196,-17.193291,6546.330000,28797.700000
323,3315248,3319251,3320126,0.870000,0.000562,3040,-15.528037,6551.630000,28850.700000
324,3320126,3324634,3325741,1.110000,0.000605,3681,-16.787588,6557.010000,28904.500000
325,3325741,3329877,3330796,0.910000,0.000623,3062,-17.352163,6562.260000,28957.100000
326,3330796,3335634,3336677,1.050000,0.000645,4050,-18.004035,6568.010000,29014.300000
327,3336677,3341138,3342217,1.080000,0.000638,3613,-17.835609,6573.520000,29069.000000
328,3342217,3346034,3347015,0.980000,0.000578,3174,-16.127016,6578.410000,29118.000000
329,3347015,3351439,3352496,1.050000,0.000628,3309,-17.625575,6583.820000,29171.800000
330,3352496,3356682,3357559,0.880000,0.000589,3543,-16.521390,6589.060000,29224.100000
331,3357559,3362334,3363269,0.940000,0.000645,3650,-18.198003,6594.710000,29280.500000
332,3363269,3367665,3368758,1.100000,0.000615,3502,-17.348931,6600.040000,29333.700000
333,3368758,3373118,3374126,1.000000,0.000608,3584,-17.162755,6605.500000,29388.300000
334,3374126,3378739,3379763,1.020000,0.000603,3763,-17.063865,6611.120000,29444.400000
335,3379763,3384236,3384942,0.710000,0.000635,3325,-18.029084,6616.610000,29499.300000
336,3384942,3389668,3390694,1.020000,0.000640,3772,-18.225756,6622.050000,29553.500000
337,3390694,3395444,3396276,0.830000,0.000640,3631,-18.237300,6627.820000,29611.100000
338,3396276,3400634,3401404,0.770000,0.000600,3728,-17.100057,6633.010000,29662.900000
339,3401404,3406160,3407004,0.840000,0.000635,3748,-18.171798,6638.540000,29718.000000
340,3407004,3411583,3412371,0.790000,0.000646,3497,-18.527462,6643.960000,29772.200000
341,3412371,3416799,3417841,1.040000,0.000625,3653,-17.936527,6649.180000,29823.600000
342,3417841,3422216,3423201,0.990000,0.000607,3762,-17.429560,6654.590000,29877.400000
343,3423201,3427462,3428505,1.040000,0.000620,3551,-17.869028,6659.840000,29929.800000
344,3428505,3432967,3433843,0.870000,0.000589,3812,-16.957994,6665.350000,29984.200000
345,3433843,3438665,3439710,1.050000,0.000649,3761,-18.807906,6671.040000,30041.100000
346,3439710,3444385,3445407,1.030000,0.000624,3775,-18.091748,6676.760000,30098.000000
347,3445407,3449851,3450687,0.840000,0.000613,3403,-17.795179,6682.230000,30152.700000
348,3450687,3455338,3456214,0.870000,0.000652,3617,-19.002076,6687.720000,30207.300000
349,3456214,3460624,3461693,1.070000,0.000625,3665,-18.222625,6693.000000,30260.300000
350,3461693,3466011,3466914,0.900000,0.000575,3554,-16.719526,6698.390000,30313.900000
351,3466914,3471205,3472283,1.080000,0.000617,3400,-18.039359,6703.580000,30365.800000
352,3472283,3475976,3477118,1.150000,0.000538,3162,-15.676592,6708.350000,30413.500000
353,3477118,3480941,3481986,1.040000,0.000566,3184,-16.534187,6713.320000,30463.100000
354,3481986,3486644,3487402,0.760000,0.000616,3895,-18.097663,6719.020000,30520.100000
355,3487402,3492095,3493115,1.020000,0.000670,3700,-19.792277,6724.470000,30574.300000
356,3493115,3497641,3498370,0.730000,0.000633,3719,-18.683588,6730.020000,30629.900000
357,3498370,3503392,3504340,0.950000,0.000648,4090,-19.175178,6735.770000,30687.100000
358,3504340,3508948,3509831,0.880000,0.000617,3529,-18.260491,6741.330000,30742.500000
359,3509831,3513959,3514892,0.930000,0.000579,3442,-17.119679,6746.340000,30792.500000
360,3514892,3518803,3519938,1.140000,0.000573,3185,-16.976903,6751.180000,30841.000000
361,3519938,3523874,3524957,1.090000,0.000557,3313,-16.511298,6756.250000,30891.500000
362,3524957,3529010,3530236,1.220000,0.000578,3572,-17.195148,6761.390000,30942.800000
363,3530236,3534213,3535304,1.090000,0.000560,3394,-16.661072,6766.590000,30994.900000
364,3535304,3539921,3541002,1.080000,0.000646,3826,-19.368609,6772.300000,31051.800000
365,3541002,3545190,3546029,0.840000,0.000581,3325,-17.374448,6777.570000,31104.400000
366,3546029,3550631,3551695,1.060000,0.000647,3767,-19.458433,6783.010000,31158.900000
367,3551695,3555876,3556772,0.900000,0.000630,3367,-18.980786,6788.250000,31211.000000
368,3556772,3561475,3562447,0.980000,0.000639,3733,-19.281127,6793.850000,31266.800000
369,3562447,3566658,3567697,1.040000,0.000574,3706,-17.274643,6799.040000,31318.700000
370,3567697,3571840,3572832,0.990000,0.000575,3578,-17.332797,6804.220000,31370.400000
371,3572832,3577316,3578434,1.120000,0.000628,3644,-19.022533,6809.690000,31424.900000
372,3578434,3582290,3583246,0.950000,0.000581,3159,-17.576156,6814.670000,31474.700000
373,3583246,3587716,3588740,1.030000,0.000636,3489,-19.352246,6820.090000,31528.800000
374,3588740,3592849,3593875,1.020000,0.000605,3356,-18.423878,6825.230000,31580.100000
375,3593875,3598204,3599230,1.030000,0.000586,3604,-17.849782,6830.580000,31633.700000
376,3599230,3603482,3604358,0.880000,0.000584,3437,-17.811449,6835.860000,31686.300000
377,3604358,3608638,3609607,0.970000,0.000605,3515,-18.499016,6841.020000,31737.800000
378,3609607,3613676,3614829,1.160000,0.000601,3532,-18.425085,6846.050000,31788.100000
379,3614829,3618648,3619689,1.040000,0.000576,3430,-17.653082,6851.030000,31837.600000
380,3619689,3624187,3625172,0.980000,0.000630,3686,-19.404429,6856.570000,31892.800000
381,3625172,3629584,3630391,0.810000,0.000628,3565,-19.375979,6861.960000,31946.700000
382,3630391,3634666,3635510,0.850000,0.000606,3511,-18.707093,6867.040000,31997.600000
383,3635510,3640091,3641008,0.920000,0.000646,3543,-20.018777,6872.470000,32051.700000
384,3641008,3645632,3646537,0.910000,0.000643,3728,-19.938745,6878.010000,32107.000000
385,3646537,3651198,3652325,1.120000,0.000665,3368,-20.696501,6883.580000,32162.400000
386,3652325,3656078,3657168,1.090000,0.000564,3266,-17.479392,6888.460000,32211.300000
387,3657168,3661266,3662297,1.040000,0.000599,3429,-18.619105,6893.640000,32263.000000
388,3662297,3666364,3667622,1.260000,0.000604,3370,-18.838840,6898.740000,32314.000000
389,3667622,3671591,3672534,0.940000,0.000555,3380,-17.263493,6903.970000,32366.100000
390,3672534,3676961,3677890,0.930000,0.000610,3553,-19.080797,6909.340000,32419.600000
391,3677890,3682070,3683118,1.050000,0.000587,3541,-18.354562,6914.450000,32470.700000
392,3683118,3687181,3688170,0.990000,0.000563,3183,-17.602211,6919.560000,32521.800000
393,3688170,3692181,3693190,1.010000,0.000582,3516,-18.260377,6924.560000,32571.500000
394,3693190,3697392,3698490,1.100000,0.000641,3159,-20.208765,6929.770000,32623.600000
395,3698490,3702562,3703405,0.840000,0.000595,3258,-18.745001,6934.940000,32675.100000
396,3703405,3708034,3708999,0.970000,0.000633,3743,-20.025159,6940.410000,32729.800000
397,3708999,3712958,3714191,1.230000,0.000538,3216,-16.953445,6945.340000,32779.200000
398,3714191,3717776,3718915,1.140000,0.000555,3012,-17.528987,6950.150000,32827.100000
399,3718915,3722979,3724071,1.090000,0.000605,3321,-19.207655,6955.360000,32878.800000
400,3724071,3727959,3729019,1.060000,0.000600,3010,-19.069159,6960.340000,32928.600000
401,3729019,3733402,3734251,0.850000,0.000631,3633,-20.119408,6965.780000,32982.900000
402,3734251,3738943,3739825,0.880000,0.000677,3534,-21.683955,6971.320000,33038.200000
403,3739825,3743993,3745104,1.110000,0.000589,3553,-18.797723,6976.370000,33088.700000
404,3745104,3749057,3749999,0.940000,0.000578,3340,-18.475575,6981.440000,33139.300000
405,3749999,3754205,3755311,1.110000,0.000623,3525,-19.985554,6986.580000,33190.600000
406,3755311,3759161,3760299,1.140000,0.000594,3396,-19.041992,6991.540000,33240.100000
407,3760299,3764239,3765113,0.870000,0.000622,2791,-20.018618,6996.620000,33290.800000
408,3765113,3769654,3770835,1.180000,0.000651,3793,-21.025344,7002.030000,33345.000000
409,3770835,3774463,3775592,1.130000,0.000548,3074,-17.593923,7006.840000,33392.900000
410,3775592,3779483,3780569,1.090000,0.000595,3239,-19.193079,7011.860000,33442.900000
411,3780569,3784445,3785596,1.150000,0.000565,3267,-18.218494,7016.820000,33492.400000
412,3785596,3789154,3790224,1.070000,0.000529,3139,-17.055858,7021.530000,33539.400000
413,3790224,3794250,3795238,0.990000,0.000589,3476,-19.078196,7026.630000,33590.200000
414,3795238,3799179,3800095,0.910000,0.000611,3261,-19.857402,7031.560000,33639.400000
415,3800095,3804529,3805433,0.900000,0.000652,3770,-21.272030,7036.910000,33692.700000
416,3805433,3809924,3810883,0.960000,0.000629,3564,-20.513430,7042.300000,33746.600000
417,3810883,3814914,3815994,1.080000,0.000575,3550,-18.725745,7047.290000,33796.600000
418,3815994,3819648,3820888,1.240000,0.000572,2983,-18.674999,7052.030000,33844.000000
419,3820888,3824866,3825840,0.980000,0.000624,3045,-20.455593,7057.240000,33895.800000
420,3825840,3829960,3830884,0.920000,0.000627,3228,-20.578340,7062.340000,33946.700000
421,3830884,3834872,3836069,1.200000,0.000618,3230,-20.311673,7067.250000,33995.900000
422,3836069,3839629,3840659,1.030000,0.000539,2837,-17.663877,7072.010000,34043.400000
423,3840659,3844801,3845687,0.890000,0.000636,3148,-20.993337,7077.180000,34094.800000
424,3845687,3849682,3850822,1.140000,0.000614,3265,-20.261516,7082.060000,34143.600000
425,3850822,3854620,3855743,1.120000,0.000583,3257,-19.255421,7087.000000,34193.000000
426,3855743,3859432,3860468,1.040000,0.000579,3042,-19.138173,7091.810000,34241.000000
427,3860468,3864204,3865259,1.060000,0.000604,3073,-20.011338,7096.580000,34288.800000
428,3865259,3869658,3870618,0.960000,0.000653,3567,-21.743049,7102.040000,34343.100000
429,3870618,3875080,3875818,0.740000,0.000652,3528,-21.722022,7107.460000,34397.200000
430,3875818,3880112,3880969,0.860000,0.000639,3661,-21.319885,7112.490000,34447.300000
431,3880969,3885649,3886369,0.720000,0.000687,3494,-23.003280,7118.030000,34502.400000
432,3886369,3891062,3891808,0.750000,0.000696,3402,-23.343465,7123.440000,34556.700000
433,3891808,3896108,3896967,0.860000,0.000637,3507,-21.332852,7128.490000,34607.000000
434,3896967,3901109,3901850,0.740000,0.000639,3202,-21.458944,7133.490000,34656.900000
435,3901850,3905993,3906923,0.930000,0.000625,3416,-20.984008,7138.370000,34705.600000
436,3906923,3910646,3911882,1.240000,0.000610,3009,-20.495662,7143.020000,34752.300000
437,3911882,3915379,3916387,1.010000,0.000540,3038,-18.105804,7147.760000,34799.500000
438,3916387,3919996,3921038,1.050000,0.000553,2930,-18.574571,7152.370000,34845.400000
439,3921038,3924664,3925722,1.060000,0.000550,3090,-18.505443,7157.040000,34892.300000
440,3925722,3929254,3930086,0.830000,0.000606,2931,-20.470817,7161.630000,34937.900000
441,3930086,3934307,3935205,0.890000,0.000628,3427,-21.262807,7166.690000,34988.400000
442,3935205,3939189,3940087,0.900000,0.000574,3430,-19.406815,7171.570000,35037.100000
443,3940087,3944024,3944763,0.740000,0.000583,3393,-19.756123,7176.400000,35085.500000
444,3944763,3949576,3950308,0.740000,0.000666,3883,-22.690154,7181.950000,35140.600000
445,3950308,3955059,3955865,0.800000,0.000657,3584,-22.409050,7187.440000,35195.100000
446,3955865,3960234,3961142,0.910000,0.000630,3342,-21.512357,7192.610000,35246.900000
447,3961142,3965172,3966024,0.850000,0.000594,3394,-20.266837,7197.550000,35296.300000
448,3966024,3970634,3971490,0.860000,0.000666,3796,-22.859591,7203.010000,35350.900000
449,3971490,3975931,3976945,1.010000,0.000672,3384,-23.092014,7208.310000,35403.600000
450,3976945,3980986,3981936,0.950000,0.000670,2907,-23.063852,7213.360000,35453.200000
451,3981936,3985880,3986901,1.020000,0.000599,3149,-20.576851,7218.260000,35502.000000
452,3986901,4088432,4010983,-77.450000,0.000609,2863,-20.970010,7320.810000,35617.800000
453,4010983,4104533,4105705,1.170000,0.016796,441,-596.298528,7336.910000,35778.000000
454,4105705,4108869,4109694,0.820000,0.000614,2615,-21.305020,7341.250000,35821.500000
455,4109694,4113451,4114227,0.780000,0.000667,2959,-23.247075,7345.830000,35866.800000
456,4114227,4118018,4118767,0.750000,0.000654,3022,-22.780077,7350.400000,35912.500000
457,4118767,4122371,4123087,0.720000,0.000610,3185,-21.227987,7354.750000,35956.000000
458,4123087,4126908,4127596,0.680000,0.000635,3211,-22.177677,7359.290000,36001.200000
459,4127596,4131523,4132402,0.880000,0.000622,3325,-21.712674,7363.900000,36047.100000
460,4132402,4136132,4136820,0.690000,0.000664,2918,-23.254794,7368.510000,36093.200000
461,4136820,4140651,4141491,0.840000,0.000684,2750,-24.017760,7373.030000,36138.500000
462,4141491,4145849,4146443,0.590000,0.000733,3407,-25.836153,7378.230000,36190.800000
463,4146443,4150513,4151342,0.830000,0.000685,3405,-24.117341,7382.890000,36237.000000
464,4151342,4155299,4155988,0.690000,0.000656,3094,-23.108933,7387.680000,36284.600000
465,4155988,4159632,4160521,0.890000,0.000599,3332,-21.077978,7392.010000,36327.900000
466,4160521,4164169,4165245,1.070000,0.000635,3101,-22.393239,7396.550000,36373.100000
467,4165245,4168782,4169774,0.990000,0.000667,2397,-23.612221,7401.160000,36419.000000
468,4169774,4173082,4174388,1.310000,0.000612,2734,-21.633031,7405.460000,36462.600000
469,4174388,4177334,4178726,1.390000,0.000567,2252,-19.995877,7409.710000,36504.400000
470,4178726,4181647,4182995,1.340000,0.000591,2329,-20.895837,7414.030000,36547.600000
471,4182995,4186101,4187158,1.060000,0.000638,1938,-22.637469,7418.480000,36591.900000
472,4187158,4190422,4191363,0.940000,0.000578,2846,-20.493152,7422.800000,36634.700000
473,4191363,4195413,4196407,1.000000,0.000662,3272,-23.574638,7427.790000,36684.500000
474,4196407,4200193,4201001,0.810000,0.000622,3057,-22.150661,7432.570000,36732.300000
475,4201001,4204675,4205790,1.120000,0.000601,3178,-21.413210,7437.050000,36777.100000
476,4205790,4209773,4210683,0.910000,0.000644,3393,-23.010971,7442.150000,36827.600000
477,4210683,4214863,4215754,0.890000,0.000635,3637,-22.713721,7447.240000,36878.100000
478,4215754,4219929,4220903,0.970000,0.000690,3348,-24.804619,7452.310000,36928.800000
479,4220903,4225016,4225999,0.990000,0.000625,3327,-22.425276,7457.390000,36979.600000
480,4225999,4229632,4230685,1.050000,0.000568,3231,-20.349813,7462.010000,37025.900000
481,4230685,4234643,4235563,0.920000,0.000605,3359,-21.721985,7467.020000,37075.900000
482,4235563,4239270,4240088,0.820000,0.000611,3225,-21.974325,7471.650000,37121.800000
483,4240088,4244374,4245184,0.810000,0.000646,3472,-23.312571,7476.750000,37172.900000
484,4245184,4249225,4250113,0.890000,0.000630,3393,-22.758370,7481.600000,37221.300000
485,4250113,4254135,4254960,0.830000,0.000622,3412,-22.505396,7486.510000,37270.200000
486,4254960,4259080,4259982,0.900000,0.000687,3149,-24.947090,7491.460000,37319.800000
487,4259982,4264057,4265000,0.940000,0.000644,3440,-23.375690,7496.440000,37369.300000
488,4265000,4269172,4270013,0.840000,0.000655,3431,-23.824228,7501.550000,37420.400000
489,4270013,4274088,4275111,1.020000,0.000645,3411,-23.460735,7506.470000,37469.400000
490,4275111,4278722,4279789,1.070000,0.000614,2879,-22.335878,7511.100000,37515.800000
491,4279789,4283672,4284696,1.020000,0.000643,3134,-23.466560,7516.050000,37565.200000
492,4284696,4288882,4289921,1.040000,0.000633,3264,-23.100499,7521.260000,37617.000000
493,4289921,4293664,4294688,1.030000,0.000549,3268,-19.986938,7526.040000,37664.900000
494,4294688,4298872,4299722,0.850000,0.000643,3172,-23.547373,7531.250000,37717.000000
495,4299722,4304048,4305073,1.020000,0.000664,3482,-24.396849,7536.430000,37768.400000
496,4305073,4308701,4309598,0.900000,0.000607,2908,-22.244554,7541.080000,37815.000000
497,4309598,4313880,4314841,0.960000,0.000644,3706,-23.699898,7546.260000,37866.400000
498,4314841,4318708,4319874,1.160000,0.000633,3296,-23.326233,7551.090000,37915.000000
499,4319874,4323728,4324713,0.980000,0.000611,3249,-22.511110,7556.110000,37964.900000
500,4324713,4328431,4329438,1.010000,0.000592,3170,-21.815859,7560.810000,38012.000000
501,4329438,4333380,4334123,0.740000,0.000646,3206,-23.896353,7565.760000,38061.300000
502,4334123,4338679,4339601,0.920000,0.000685,3609,-25.409219,7571.060000,38114.200000
503,4339601,4343444,4344399,0.960000,0.000624,3263,-23.124937,7575.820000,38161.700000
504,4344399,4348086,4348799,0.720000,0.000597,3074,-22.114776,7580.460000,38208.200000
505,4348799,4352934,4353848,0.920000,0.000677,3382,-25.209792,7585.310000,38256.400000
506,4353848,4357893,4358674,0.780000,0.000655,3074,-24.381214,7590.270000,38305.700000
507,4358674,4363002,4363828,0.830000,0.000643,3829,-23.978969,7595.380000,38356.900000
508,4363828,4368115,4368841,0.730000,0.000673,3510,-25.146891,7600.490000,38407.800000
509,4368841,4373222,4373942,0.720000,0.000676,3711,-25.306005,7605.600000,38458.700000
510,4373942,4378462,4379289,0.830000,0.000685,3691,-25.677638,7610.840000,38511.200000
511,4379289,4383394,4384298,0.910000,0.000640,3543,-24.001695,7615.770000,38560.300000
512,4384298,4388405,4389288,0.890000,0.000683,3165,-25.673319,7620.780000,38610.300000
513,4389288,4393568,4394364,0.790000,0.000635,3822,-23.845789,7625.950000,38661.800000
514,4394364,4398487,4399545,1.050000,0.000663,3075,-24.974708,7630.870000,38711.000000
515,4399545,4403064,4404095,1.030000,0.000538,3241,-20.151814,7635.440000,38757.000000
516,4404095,4408262,4409141,0.880000,0.000619,3276,-23.311186,7640.640000,38808.600000
517,4409141,4413094,4413950,0.860000,0.000618,3027,-23.305239,7645.470000,38857.000000
518,4413950,4417826,4418854,1.030000,0.000601,3395,-22.700826,7650.200000,38904.200000
519,4418854,4422677,4423437,0.760000,0.000616,2755,-23.318625,7655.060000,38953.000000
520,4423437,4427439,4428145,0.700000,0.000614,3525,-23.268939,7659.820000,39000.200000
521,4428145,4432652,4433433,0.780000,0.000667,3762,-25.366210,7665.030000,39052.000000
522,4433433,4437822,4438578,0.760000,0.000650,3743,-24.709147,7670.200000,39103.600000
523,4438578,4443271,4444027,0.760000,0.000665,3835,-25.361792,7675.650000,39158.100000
524,4444027,4448303,4449028,0.730000,0.000701,3426,-26.804272,7680.680000,39208.300000
525,4449028,4453784,4454626,0.840000,0.000692,3942,-26.461021,7686.160000,39262.900000
526,4454626,4458816,4459741,0.930000,0.000638,3742,-24.405606,7691.190000,39313.200000
527,4459741,4464062,4464907,0.850000,0.000657,3774,-25.162649,7696.440000,39365.700000
528,4464907,4469028,4469922,0.890000,0.000621,3625,-23.784431,7701.410000,39415.300000
529,4469922,4473720,4474799,1.080000,0.000616,3160,-23.614824,7706.100000,39462.200000
530,4474799,4478472,4479351,0.880000,0.000609,3000,-23.371190,7710.850000,39509.600000
531,4479351,4483295,4484088,0.800000,0.000646,3298,-24.875171,7715.670000,39557.600000
532,4484088,4488233,4488836,0.600000,0.000659,3469,-25.403885,7720.610000,39606.800000
533,4488836,4493289,4493919,0.630000,0.000700,3461,-27.055756,7725.670000,39657.200000
534,4493919,4498504,4499280,0.780000,0.000713,3647,-27.628015,7730.880000,39709.100000
535,4499280,4503724,4504499,0.780000,0.000697,3731,-27.008919,7736.100000,39761.300000
536,4504499,4508761,4509565,0.800000,0.000681,3610,-26.429385,7741.140000,39811.600000
537,4509565,4513917,4514649,0.730000,0.000698,3471,-27.133384,7746.300000,39862.800000
538,4514649,4519117,4519947,0.830000,0.000710,3640,-27.651375,7751.500000,39914.900000
539,4519947,4523987,4524728,0.740000,0.000683,3162,-26.595127,7756.370000,39963.600000
540,4524728,4528849,4529691,0.840000,0.000683,3444,-26.625541,7761.230000,40012.200000
541,4529691,4533933,4534799,0.870000,0.000679,3413,-26.518341,7766.310000,40062.800000
542,4534799,4538657,4539518,0.860000,0.000630,3073,-24.584703,7771.040000,40110.200000
543,4539518,4543434,4544223,0.790000,0.000663,3153,-25.928891,7775.810000,40157.800000
544,4544223,4548130,4548981,0.850000,0.000636,3074,-24.858172,7780.510000,40204.400000
545,4548981,4552899,4553856,0.950000,0.000620,3371,-24.267042,7785.280000,40252.200000
546,4553856,4557817,4558671,0.850000,0.000599,3032,-23.463873,7790.200000,40301.400000
547,4558671,4562347,4563305,0.950000,0.000596,3165,-23.346414,7794.730000,40346.500000
548,4563305,4566897,4567844,0.940000,0.000624,2884,-24.512557,7799.280000,40392.100000
549,4567844,4571670,4572409,0.740000,0.000635,3130,-24.967729,7804.050000,40439.600000
550,4572409,4576383,4577236,0.850000,0.000641,3427,-25.263537,7808.760000,40486.700000
551,4577236,4581191,4582031,0.840000,0.000681,3267,-26.901372,7813.570000,40534.700000
552,4582031,4586236,4587082,0.850000,0.000745,3091,-29.532722,7818.610000,40584.900000
553,4587082,4591269,4591901,0.630000,0.000702,3393,-27.812925,7823.650000,40635.300000
554,4591901,4596598,4597273,0.670000,0.000753,3738,-29.925365,7828.980000,40688.200000
555,4597273,4601550,4602326,0.770000,0.000697,3511,-27.703583,7833.930000,40737.900000
556,4602326,4606508,4607262,0.750000,0.000683,3243,-27.160303,7838.890000,40787.400000
557,4607262,4611770,4612522,0.750000,0.000703,3690,-28.005777,7844.150000,40839.800000
558,4612522,4617001,4617713,0.710000,0.000687,3716,-27.404475,7849.380000,40892.100000
559,4617713,4621933,4622685,0.750000,0.000710,3293,-28.374992,7854.310000,40941.300000
560,4622685,4626651,4627593,0.940000,0.000692,3175,-27.675449,7859.030000,40988.600000
561,4627593,4631634,4632296,0.660000,0.000662,3127,-26.488507,7864.010000,41038.200000
562,4632296,4636384,4637343,0.960000,0.000678,3274,-27.163012,7868.760000,41085.500000
563,4637343,4640868,4641681,0.810000,0.000625,3014,-25.028608,7873.250000,41130.500000
564,4641681,4645226,4646162,0.940000,0.000573,3312,-22.905623,7877.600000,41173.900000
565,4646162,4649769,4650702,0.930000,0.000587,3233,-23.500610,7882.150000,41219.100000
566,4650702,4654489,4655120,0.630000,0.000635,3366,-25.529978,7886.870000,41266.200000
567,4655120,4659394,4660104,0.710000,0.000685,3497,-27.605801,7891.770000,41315.100000
568,4660104,4664231,4664878,0.650000,0.000695,3416,-28.041886,7896.610000,41363.300000
569,4664878,4669257,4669902,0.640000,0.000688,3690,-27.806103,7901.640000,41413.600000
570,4669902,4674464,4675103,0.640000,0.000725,3721,-29.347032,7906.840000,41465.600000
571,4675103,4679613,4680373,0.760000,0.000703,3652,-28.482654,7911.990000,41516.800000
572,4680373,4684431,4685175,0.740000,0.000714,3178,-28.985179,7916.810000,41565.000000
573,4685175,4689366,4690194,0.830000,0.000720,3427,-29.257432,7921.740000,41614.300000
574,4690194,4694206,4694927,0.730000,0.000711,3045,-28.926189,7926.580000,41662.600000
575,4694927,4699273,4700078,0.810000,0.000710,3580,-28.917600,7931.650000,41713.300000
576,4700078,4704112,4705428,1.320000,0.000692,3415,-28.200942,7936.490000,41761.600000
577,4705428,4710439,4711284,0.840000,0.001524,685,-63.018475,7942.820000,41824.800000
578,4711284,4714974,4715794,0.820000,0.000704,3179,-28.793846,7947.350000,41870.100000
579,4715794,4719662,4720374,0.710000,0.000728,3468,-29.830005,7952.040000,41917.000000
580,4720374,4724619,4725361,0.740000,0.000720,3897,-29.509079,7957.000000,41966.300000
581,4725361,4729739,4730394,0.650000,0.000700,3858,-28.711332,7962.120000,42017.500000
582,4730394,4734589,4735378,0.790000,0.000694,3869,-28.483614,7966.970000,42066.000000
583,4735378,4739877,4740568,0.690000,0.000701,4147,-28.836071,7972.260000,42118.700000
584,4740568,4745163,4745861,0.700000,0.000734,3975,-30.260098,7977.540000,42171.400000
585,4745861,4750154,4750852,0.700000,0.000700,3658,-28.872402,7982.530000,42221.300000
586,4750852,4755121,4755897,0.780000,0.000708,3639,-29.226771,7987.500000,42270.900000
587,4755897,4759859,4760898,1.040000,0.000675,3397,-27.884839,7992.240000,42318.200000
588,4760898,4764786,4765498,0.720000,0.000669,3361,-27.663048,7997.160000,42367.500000
589,4765498,4769842,4770595,0.750000,0.000726,3573,-30.097248,8002.220000,42417.900000
590,4770595,4774804,4775612,0.810000,0.000697,3499,-28.896955,8007.180000,42467.300000
591,4775612,4779927,4780680,0.750000,0.000736,3477,-30.581681,8012.310000,42518.500000
592,4780680,4784959,4785751,0.790000,0.000744,3415,-30.971480,8017.340000,42568.700000
593,4785751,4790053,4790800,0.750000,0.000697,3531,-29.010002,8022.430000,42619.500000
594,4790800,4794643,4795364,0.720000,0.000667,3258,-27.766616,8027.020000,42665.500000
595,4795364,4799467,4800262,0.790000,0.000689,3458,-28.751797,8031.850000,42713.500000
596,4800262,4804335,4805111,0.780000,0.000655,3414,-27.303953,8036.710000,42762.200000
597,4805111,4809362,4810043,0.680000,0.000677,3735,-28.301152,8041.740000,42812.500000
598,4810043,4814554,4815392,0.840000,0.000725,3735,-30.383059,8046.930000,42864.200000
599,4815392,4819671,4820373,0.700000,0.000733,3366,-30.759125,8052.050000,42915.400000
600,4820373,4824638,4825390,0.750000,0.000721,3231,-30.289993,8057.020000,42964.800000
601,4825390,4829418,4830254,0.830000,0.000721,3209,-30.317952,8061.800000,43012.500000
602,4830254,4834235,4835069,0.840000,0.000700,3319,-29.454058,8066.610000,43060.600000
603,4835069,4839012,4839872,0.860000,0.000646,3333,-27.137588,8071.390000,43108.300000
604,4839872,4843477,4844472,0.990000,0.000613,3069,-25.748762,8075.860000,43153.000000
605,4844472,4847960,4848993,1.030000,0.000594,3028,-24.975387,8080.340000,43197.500000
606,4848993,4852331,4853327,1.000000,0.000612,3047,-25.783452,8084.710000,43241.400000
607,4853327,4857058,4858038,0.980000,0.000673,3289,-28.421349,8089.440000,43288.600000
608,4858038,4861900,4862665,0.760000,0.000627,3431,-26.474946,8094.280000,43336.900000
609,4862665,4866689,4867602,0.910000,0.000678,3275,-28.736060,8099.070000,43384.600000
610,4867602,4871644,4872342,0.700000,0.000654,3449,-27.719185,8104.020000,43434.100000
611,4872342,4876656,4877401,0.750000,0.000668,3636,-28.340735,8109.030000,43484.100000
612,4877401,4881676,4882559,0.890000,0.000736,2372,-31.333804,8114.050000,43534.300000
613,4882559,4886316,4887399,1.090000,0.000704,3224,-30.001418,8118.690000,43580.600000
614,4887399,4891637,4892491,0.850000,0.000705,3373,-30.079232,8124.020000,43633.800000
615,4892491,4896520,4897378,0.860000,0.000676,3294,-28.852915,8128.900000,43682.600000
616,4897378,4901331,4902236,0.900000,0.000657,3378,-28.016599,8133.710000,43730.500000
617,4902236,4906117,4907002,0.880000,0.000662,3337,-28.282410,8138.500000,43778.200000
618,4907002,4911059,4911788,0.730000,0.000666,3416,-28.509849,8143.440000,43827.600000
619,4911788,4916208,4916820,0.610000,0.000704,3793,-30.176437,8148.590000,43878.700000
620,4916820,4921251,4922036,0.780000,0.000718,3825,-30.866974,8153.630000,43929.200000
621,4922036,4926355,4927150,0.800000,0.000685,3545,-29.442737,8158.730000,43980.100000
622,4927150,4931440,4932319,0.880000,0.000714,3569,-30.729451,8163.820000,44030.800000
623,4932319,4936096,4936987,0.900000,0.000675,3148,-29.078438,8168.470000,44077.500000
624,4936987,4940843,4941700,0.860000,0.000677,3159,-29.187820,8173.220000,44124.800000
625,4941700,4945771,4946606,0.830000,0.000679,3151,-29.294887,8178.150000,44174.100000
626,4946606,4950394,4951365,0.970000,0.000644,3226,-27.782969,8182.770000,44220.200000
627,4951365,4954618,4955587,0.970000,0.000614,2684,-26.468799,8187.000000,44262.500000
628,4955587,4959162,4959927,0.770000,0.000607,3138,-26.202017,8191.540000,44307.700000
629,4959927,4963669,4964560,0.890000,0.000615,3393,-26.585497,8196.050000,44352.900000
630,4964560,4968290,4969087,0.800000,0.000643,3162,-27.854815,8200.670000,44398.800000
631,4969087,4973019,4973782,0.760000,0.000650,3549,-28.175829,8205.400000,44445.800000
632,4973782,4978052,4978649,0.600000,0.000664,3556,-28.871883,8210.430000,44495.900000
633,4978649,4982844,4983564,0.720000,0.000688,3680,-29.940985,8215.220000,44544.100000
634,4983564,4987911,4988605,0.690000,0.000741,3587,-32.329265,8220.290000,44594.500000
635,4988605,4993081,4993681,0.600000,0.000730,3698,-31.891117,8225.460000,44646.100000
636,4993681,4998249,4998925,0.670000,0.000744,3850,-32.546453,8230.630000,44697.800000
637,4998925,5003151,5003954,0.800000,0.000710,3375,-31.059390,8235.530000,44746.700000
638,5003954,5007897,5008761,0.860000,0.000733,3004,-32.152162,8240.280000,44794.200000
639,5008761,5012969,5013646,0.670000,0.000674,3500,-29.534576,8245.350000,44844.700000
640,5013646,5017716,5018478,0.770000,0.000711,3328,-31.205636,8250.090000,44891.900000
641,5018478,5022363,5023176,0.810000,0.000689,3394,-30.250783,8254.740000,44938.500000
642,5023176,5027335,5028093,0.760000,0.000715,3539,-31.462767,8259.710000,44988.200000
643,5028093,5032157,5033112,0.950000,0.000692,3279,-30.485208,8264.540000,45036.400000
644,5033112,5036541,5037548,1.010000,0.000648,2762,-28.532027,8268.920000,45080.200000
645,5037548,5041010,5041872,0.860000,0.000618,2963,-27.207057,8273.390000,45124.700000
646,5041872,5045463,5046367,0.910000,0.000689,3039,-30.409144,8277.840000,45169.200000
647,5046367,5050243,5051078,0.840000,0.000664,3283,-29.309879,8282.620000,45217.000000
648,5051078,5054896,5055707,0.820000,0.000687,2975,-30.384280,8287.270000,45263.200000
649,5055707,5059514,5060272,0.760000,0.000649,3195,-28.722127,8291.890000,45309.500000
650,5060272,5064068,5064873,0.800000,0.000649,3402,-28.766249,8296.450000,45354.900000
651,5064873,5068945,5069694,0.750000,0.000692,3552,-30.737604,8301.320000,45403.400000
652,5069694,5073863,5074593,0.730000,0.000714,3527,-31.760412,8306.240000,45452.500000
653,5074593,5079003,5079762,0.760000,0.000725,3745,-32.294756,8311.380000,45503.400000
654,5079762,5084106,5084793,0.690000,0.000728,3563,-32.466781,8316.480000,45554.500000
655,5084793,5088895,5089620,0.730000,0.000729,3542,-32.544691,8321.270000,45602.100000
656,5089620,5093667,5094301,0.630000,0.000725,2962,-32.391203,8326.050000,45650.000000
657,5094301,5098565,5099279,0.720000,0.000713,3549,-31.881441,8330.940000,45698.800000
658,5099279,5103186,5103965,0.780000,0.000692,3436,-30.965632,8335.560000,45745.200000
659,5103965,5108083,5108863,0.780000,0.000709,3534,-31.770999,8340.460000,45793.800000
660,5108863,5112938,5113678,0.740000,0.000713,3367,-31.982466,8345.320000,45842.400000
661,5113678,5117868,5118493,0.620000,0.000716,3530,-32.155977,8350.250000,45891.300000
662,5118493,5122950,5123626,0.670000,0.000729,3721,-32.788572,8355.330000,45942.300000
663,5123626,5127508,5128345,0.830000,0.000708,3211,-31.875783,8359.890000,45987.700000
664,5128345,5132334,5133064,0.730000,0.000721,3206,-32.493102,8364.710000,46036.000000
665,5133064,5137241,5137940,0.700000,0.000689,3682,-31.074484,8369.620000,46084.900000
666,5137940,5142132,5142754,0.620000,0.000723,3415,-32.650902,8374.510000,46133.600000
667,5142754,5147213,5147874,0.660000,0.000748,3743,-33.852521,8379.590000,46184.300000
668,5147874,5152261,5153213,0.950000,0.000726,3667,-32.887827,8384.640000,46234.800000
669,5153213,5157127,5157989,0.860000,0.000697,3216,-31.544935,8389.510000,46283.300000
670,5157989,5161642,5162517,0.880000,0.000663,3055,-30.046041,8394.020000,46328.600000
671,5162517,5166374,5167193,0.820000,0.000715,3129,-32.486100,8398.750000,46375.700000
672,5167193,5171121,5171908,0.790000,0.000702,3032,-31.892312,8403.500000,46423.200000
673,5171908,5176032,5176863,0.830000,0.000722,3366,-32.870823,8408.410000,46472.000000
674,5176863,5180501,5181358,0.860000,0.000674,3143,-30.645651,8412.880000,46516.700000
675,5181358,5185186,5186094,0.910000,0.000692,3430,-31.510978,8417.560000,46563.500000
676,5186094,5189596,5190461,0.870000,0.000617,3169,-28.070523,8421.970000,46607.600000
677,5190461,5194245,5195010,0.770000,0.000680,3242,-31.031024,8426.620000,46653.900000
678,5195010,5198894,5199742,0.850000,0.000735,3127,-33.632321,8431.270000,46700.300000
679,5199742,5203643,5204373,0.730000,0.000705,3359,-32.274288,8436.020000,46747.800000
680,5204373,5208220,5208999,0.780000,0.000730,3383,-33.447891,8440.600000,46793.300000
681,5208999,5213231,5213905,0.670000,0.000741,3589,-34.003422,8445.610000,46843.400000
682,5213905,5217920,5218683,0.760000,0.000739,3338,-33.968602,8450.300000,46890.200000
683,5218683,5222547,5223469,0.920000,0.000686,3170,-31.520943,8454.930000,46936.400000
684,5223469,5227277,5228360,1.080000,0.000723,3115,-33.291086,8459.660000,46983.800000
685,5228360,5231857,5232678,0.820000,0.000670,2754,-30.827373,8464.240000,47029.500000
686,5232678,5236623,5237369,0.750000,0.000722,3330,-33.297251,8469.000000,47076.900000
687,5237369,5241247,5242116,0.860000,0.000691,3261,-31.887883,8473.630000,47123.200000
688,5242116,5246068,5246879,0.810000,0.000714,3364,-32.978769,8478.450000,47171.300000
689,5246879,5251016,5251749,0.740000,0.000733,3414,-33.922568,8483.390000,47220.600000
690,5251749,5255552,5256362,0.810000,0.000717,2845,-33.214220,8487.930000,47265.900000
691,5256362,5260078,5260854,0.770000,0.000684,3194,-31.686076,8492.460000,47311.300000
692,5260854,5264649,5265485,0.830000,0.000676,3159,-31.322081,8497.030000,47357.100000
693,5265485,5269010,5270037,1.030000,0.000680,3129,-31.534111,8501.390000,47400.500000
694,5270037,5273428,5274353,0.920000,0.000663,2841,-30.769307,8505.810000,47444.600000
695,5274353,5278038,5278999,0.960000,0.000694,3157,-32.253915,8510.420000,47490.600000
696,5278999,5282655,5283537,0.890000,0.000679,3214,-31.600230,8515.030000,47536.700000
697,5283537,5287226,5288058,0.840000,0.000662,3244,-30.797542,8519.600000,47582.100000
698,5288058,5291821,5292683,0.860000,0.000696,3154,-32.456483,8524.200000,47628.000000
699,5292683,5296510,5297359,0.850000,0.000704,3246,-32.862677,8528.890000,47674.900000
700,5297359,5301041,5301852,0.810000,0.000685,2853,-31.973177,8533.420000,47720.200000
701,5301852,5305521,5306482,0.960000,0.000716,3025,-33.490055,8537.900000,47764.900000
702,5306482,5310109,5311004,0.890000,0.000677,3046,-31.664885,8542.490000,47810.500000
703,5311004,5314488,5315290,0.800000,0.000663,3113,-31.041597,8546.870000,47854.300000
704,5315290,5319508,5320184,0.670000,0.000759,3337,-35.645797,8551.890000,47904.300000
705,5320184,5324275,5324979,0.710000,0.000745,3393,-35.030857,8556.650000,47951.700000
706,5324979,5329155,5329884,0.730000,0.000732,3546,-34.437582,8561.530000,48000.300000
707,5329884,5333818,5334693,0.870000,0.000689,3265,-32.429089,8566.200000,48047.000000
708,5334693,5338407,5339160,0.750000,0.000695,2949,-32.711810,8570.790000,48092.700000
709,5339160,5342894,5343681,0.790000,0.000673,3162,-31.691594,8575.270000,48137.700000
710,5343681,5347471,5348425,0.950000,0.000694,3336,-32.729935,8579.850000,48183.400000
711,5348425,5352238,5353008,0.770000,0.000676,3201,-31.922927,8584.620000,48230.800000
712,5353008,5356946,5357689,0.750000,0.000706,3414,-33.391414,8589.320000,48277.800000
713,5357689,5361612,5362489,0.880000,0.000668,3529,-31.580295,8593.990000,48324.500000
714,5362489,5365932,5366740,0.810000,0.000670,3030,-31.692273,8598.310000,48367.700000
715,5366740,5370773,5371508,0.740000,0.000704,3396,-33.380155,8603.150000,48416.100000
716,5371508,5375368,5376210,0.840000,0.000695,3410,-32.973654,8607.750000,48462.000000
717,5376210,5379785,5380616,0.830000,0.000676,3025,-32.094792,8612.160000,48506.000000
718,5380616,5384463,5385141,0.680000,0.000692,3353,-32.905289,8616.840000,48552.600000
719,5385141,5389497,5390190,0.690000,0.000759,3513,-36.203080,8621.880000,48602.800000
720,5390190,5394300,5395089,0.790000,0.000766,3441,-36.553468,8626.680000,48650.800000
721,5395089,5399178,5399961,0.780000,0.000749,3188,-35.782445,8631.560000,48699.200000
722,5399961,5403553,5404537,0.990000,0.000691,2965,-32.987160,8635.930000,48743.000000
723,5404537,5408248,5409025,0.770000,0.000699,3082,-33.392164,8640.630000,48790.000000
724,5409025,5412772,5413720,0.950000,0.000716,3229,-34.268165,8645.150000,48835.200000
725,5413720,5417348,5418116,0.760000,0.000719,2818,-34.454777,8649.730000,48881.000000
726,5418116,5422072,5422951,0.880000,0.000707,3242,-33.885988,8654.450000,48927.700000
727,5422951,5426647,5427554,0.900000,0.000690,3338,-33.113506,8659.030000,48973.200000
728,5427554,5431346,5432210,0.870000,0.000677,3263,-32.490749,8663.720000,49020.100000
729,5432210,5436243,5437059,0.820000,0.000721,3329,-34.665175,8668.620000,49068.900000
730,5437059,5441064,5441701,0.640000,0.000724,3211,-34.853556,8673.440000,49116.900000
731,5441701,5445748,5446489,0.740000,0.000732,3421,-35.305386,8678.130000,49163.600000
732,5446489,5450323,5451087,0.770000,0.000746,3152,-36.009427,8682.700000,49209.400000
733,5451087,5455007,5455679,0.670000,0.000732,3336,-35.348590,8687.390000,49256.200000
734,5455679,5459906,5460649,0.750000,0.000713,3724,-34.483032,8692.280000,49305.100000
735,5460649,5464657,5465483,0.820000,0.000734,3378,-35.540023,8697.040000,49352.600000
736,5465483,5469022,5470018,1.000000,0.000669,2913,-32.376629,8701.400000,49396.300000
737,5470018,5473351,5474220,0.870000,0.000610,2868,-29.491719,8705.730000,49439.400000
738,5474220,5477760,5478592,0.830000,0.000653,3051,-31.645566,8710.140000,49483.500000
739,5478592,5482364,5483107,0.750000,0.000671,3325,-32.554419,8714.740000,49529.400000
740,5483107,5487193,5487956,0.760000,0.000731,3463,-35.539433,8719.570000,49577.500000
741,5487956,5492047,5492856,0.800000,0.000762,3379,-37.127902,8724.430000,49625.900000
742,5492856,5496652,5497489,0.840000,0.000757,3146,-36.915955,8729.030000,49672.000000
