MaxFrictionRow,MinFrictionRow
1116038,1119711
1122733,1124962
1127702,1130204
1133915,1136442
1139365,1142122
1145363,1147783
1150760,1153219
1156088,1158712
1161557,1164450
1167705,1170028
1173305,1175396
1179086,1180912
1185035,1186776
1191048,1192902
1197543,1199207
1203973,1205929
1210362,1212003
1217227,1218713
1223938,1225634
1228443,1232238
1237657,1239078
1244871,1246379
1251681,1253104
1259044,1260402
1266541,1268039
1273957,1275404
1281126,1282252
1288647,1289883
1295908,1297155
1303640,1305031
1311367,1312512
1319655,1320878
1327717,1328988
1335530,1336591
1343611,1344768
1351380,1352550
1359374,1360398
1367907,1369098
1376011,1377138
1384313,1385536
1392374,1393470
1400752,1402036
1409082,1410413
1417355,1418401
1425369,1426560
1433144,1434608
1440871,1441993
1449321,1450405
1457404,1458589
1465602,1466722
1473251,1474222
1567071,1567688
1575199,1575877
1583196,1583883
1590793,1591405
1598186,1598768
1605749,1606464
1613664,1614249
1621367,1622182
1629330,1630082
1636991,1637684
1644846,1645697
1651581,1652170
1658778,1659812
1666272,1667012
1674106,1674775
1681737,1682712
1689291,1690001
1696472,1697205
1703359,1704184
1710703,1711382
1719013,1719813
1726356,1727611
1734036,1734811
1741803,1742660
1749828,1750508
1757676,1758591
1764890,1765638
1772905,1773498
1781341,1782046
1789446,1790250
1797585,1798221
1805840,1806418
1813912,1814524
1822376,1823112
1830161,1830808
1838068,1838688
1845964,1846639
1854208,1854971
1862348,1863067
1870072,1870608
1877964,1878595
1886055,1886603
1894242,1894934
1902357,1903039
1910872,1911518
1919809,1920379
1928246,1928922
1936484,1937159
1944734,1945375
1953370,1954046
1961734,1962350
1970325,1970970
1978622,1979274
1986888,1987549
1995337,1996011
2003867,2004553
2012345,2012971
2023191,2023331
2029356,2030076
2037781,2038604
2046353,2046961
2055039,2055708
2063333,2063863
2071682,2072414
2080453,2081135
2088916,2089402
2097622,2098380
2106218,2106991
2114748,2115429
2123705,2124405
2132464,2133295
2141478,2142286
2150315,2151007
2159224,2159966
2167366,2168128
2176092,2176737
2184459,2185222
2193592,2194197
2202337,2202934
2211323,2211991
2220228,2220880
2228934,2229431
2237338,2238080
2246593,2247289
2255371,2256097
2263951,2264415
2272369,2273005
2281167,2281750
2289868,2290413
2298618,2299093
2307403,2307885
2316701,2317241
2325367,2325897
2334002,2334523
2342973,2343534
2352015,2352401
2360741,2361308
2653124,2638194
2673678,2674098
2681905,2682382
2690357,2690770
2698798,2699226
2707493,2707980
2716125,2716385
2724707,2725019
2733566,2733861
2742031,2742477
2750468,2750920
2759333,2759690
2767672,2768403
2776334,2776947
2784851,2785273
2793133,2793541
2801345,2801726
2809833,2810283
2818471,2819046
2827636,2827944
2836168,2836664
2845162,2845593
2854081,2854522
2862547,2863008
2870952,2871387
2879545,2880144
2888633,2889137
2897167,2897919
2906043,2906401
2914559,2914940
2922792,2923073
2931458,2931828
2940046,2940374
2948345,2948914
2956955,2957413
2965539,2965960
2974339,2974793
2983354,2983653
2992342,2992735
3000947,3001399
3009658,3010158
3018560,3018924
3027588,3028028
3036381,3036926
3044733,3045277
3053197,3053527
3062036,3062656
3070818,3071629
3079327,3079995
3088200,3088758
3097167,3097661
3106153,3106691
3114901,3115406
3123983,3124595
3133068,3133646
3142154,3142727
3151303,3151839
3159877,3160392
3168970,3169595
3177343,3177962
3186122,3186639
3194357,3194879
3202899,3203507
3211605,3212102
3219873,3220288
3228235,3228713
3236899,3237395
3245638,3246079
3254033,3254498
3262261,3263022
3271168,3271676
3279872,3280431
3288473,3289132
3297172,3297732
3305909,3306432
3314341,3314984
3322498,3322986
3331337,3331913
3339854,3340518
3348693,3349347
3357488,3358295
3366883,3367414
3375968,3376630
3384677,3385409
3393535,3394161
3402061,3402954
3410013,3410754
3418612,3419257
3427247,3428009
3435853,3436295
3444337,3445074
3452803,3453459
3461454,3462217
3470156,3470687
3479329,3480001
3488266,3488720
3497135,3497515
3506140,3506449
3514856,3515214
3523317,3523850
3532483,3532784
3541004,3541398
3549560,3549829
3557886,3558294
3566711,3567008
3574962,3575328
3583327,3583752
3592043,3592393
3600823,3601412
3609299,3609684
3617722,3618085
3626160,3626572
3634570,3635000
3643347,3643807
3651658,3652157
3659929,3660484
3668337,3668898
3676813,3677249
3685047,3685489
3693268,3693771
3701707,3702154
3710075,3710655
3718775,3719208
3727578,3728024
3736164,3736502
3744835,3745121
3752339,3752681
3760439,3760901
3768663,3769310
3777337,3777758
3785767,3786062
3794225,3794595
3802246,3802563
3810591,3810955
3818473,3818901
3826580,3826938
3834752,3835212
3843256,3843662
3851986,3852305
3860366,3860804
3868965,3869402
3877327,3877847
3885224,3885771
3893109,3893673
3900826,3901377
3909340,3909770
3917354,3918116
3925573,3926076
3933817,3934578
3942336,3942759
3951370,3951834
3959854,3960315
3967830,3968157
3976591,3977121
3985233,3985593
3993334,3993898
4001344,4001919
4009699,4010308
4018364,4018803
4026960,4027379
4035560,4036022
4044136,4044579
4052349,4052869
4060493,4060936
4270346,4255155
4289336,4289860
4297334,4297710
4305250,4305678
4313349,4313800
4321713,4322089
4330278,4330695
4338637,4339198
4347218,4347706
4355776,4356140
4363700,4364138
4372108,4372442
4380603,4380965
4389139,4389577
4397689,4398047
4405655,4406036
4413805,4414123
4421645,4421934
4429545,4429766
4437343,4437742
4445178,4445638
4453362,4453671
4461581,4461732
4469577,4469890
4477628,4477888
4485604,4485882
4492996,4493237
4500876,4501169
4508869,4509171
4516710,4516988
4525109,4525428
4533211,4533627
4541512,4541835
4549295,4549788
4557361,4557942
4565537,4565938
4573510,4573923
4581068,4581505
4589305,4589792
4597354,4597718
4605788,4606150
4614156,4614510
4621614,4621893
4629337,4629637
4637301,4637588
4645010,4645307
4653280,4653630
4661329,4661741
4669679,4669956
4677777,4678115
4686073,4686388
4693872,4694163
4702123,4702468
4710144,4710576
4718566,4718815
4726288,4726650
4733986,4734432
4742372,4742920
4750841,4751287
4759166,4759553
4767342,4767710
4775654,4776052
4783355,4783786
4791455,4791928
4799558,4799968
4806828,4807407
4814183,4814514
4822195,4822536
4830012,4830352
4838356,4838714
4846657,4846840
4854485,4854818
4862307,4862700
4870271,4870561
4878323,4878593
4886317,4886633
4894554,4894794
4902503,4902869
4910591,4911067
4918584,4919026
4925898,4926295
4934170,4934633
4942216,4942601
4950072,4950536
4957602,4958264
4965882,4966258
4973904,4974226
4981854,4982465
4989951,4990348
4997346,4997847
5004823,5005315
5009823,5013360
5021010,5021329
5028836,5029229
5036955,5037264
5044602,5045208
5052954,5053240
5061255,5061576
5068719,5069330
5076886,5077208
5084854,5085208
5092805,5093142
5100868,5101225
5109208,5109632
5116372,5116740
5124957,5125062
5132256,5132952
5140144,5140703
5147708,5148276
5155106,5155810
5162336,5163064
5169902,5170544
5177699,5178390
5185811,5186448
5193922,5194431
5201717,5202261
5209874,5210381
5217815,5218394
5225916,5226585
5233946,5234642
5241619,5242270
5249675,5250396
5257540,5257901
5265317,5265675
5272965,5273311
5280620,5281191
5287769,5287935
5295249,5295689
5302650,5303038
5310513,5310908
5318587,5318974
5326090,5326402
5333860,5334207
5341613,5342012
5348914,5349352
5356664,5357099
5364628,5365079
5372361,5372804
5380093,5380579
5387777,5388181
5395750,5396098
5403340,5403774
5411157,5411423
5418327,5418941
5425929,5426370
5433811,5434097
5441029,5441384
5448362,5448738
5455848,5456215
5463564,5463895
5471343,5471721
5479065,5479374
5486924,5487193
5494864,5495162
5502702,5503046
5510110,5510483
5517896,5518256
5525857,5526223
5533807,5534125
5541265,5541756
5548335,5548953
5556038,5556482
5563875,5564201
5571263,5571611
5578673,5579000
5586504,5586855
5594204,5594641
5602175,5602459
5609686,5609982
5617371,5617659
5625304,5625543
5632776,5633070
5640200,5640450
5647983,5648226
5655726,5655985
5663343,5663567
5671023,5671368
5678736,5678955
