Event,StartRow,FailRow,EndRow,SlipDuration,Stiffness,NptsStiffness,StiffnessIntercept,FailTime,FailDisplacement,50_Mean_Velocity,Peak_Velocity
0,1136685,1140361,1143719,3.360000,0.000033,3676,0.366826,6805.170000,9631.760000,9.620753,11.406857
1,1143719,1146646,1150127,3.490000,0.000035,2927,0.348386,6811.450000,9693.870000,9.212417,11.105311
2,1150127,1153668,1156615,2.940000,0.000036,3541,0.334934,6818.480000,9763.350000,9.141306,11.195042
3,1156615,1159430,1163395,3.960000,0.000044,2815,0.258442,6824.240000,9820.370000,8.578991,12.994264
4,1163395,1166824,1169563,2.740000,0.000049,2584,0.208550,6831.630000,9892.880000,9.004550,11.498238
5,1169563,1172768,1176493,3.720000,0.000049,3205,0.203631,6837.580000,9951.970000,9.116463,11.735768
6,1176493,1179041,1182631,3.590000,0.000076,1973,-0.073799,6843.850000,10014.600000,9.020387,11.943230
7,1182631,1185792,1188364,2.570000,0.000068,3161,-0.002385,6850.600000,10081.000000,8.520678,12.411498
8,1188364,1191708,1195118,3.410000,0.000079,3344,-0.109308,6856.520000,10140.000000,8.623724,12.398798
9,1195118,1198028,1201135,3.100000,0.000109,2910,-0.425431,6862.840000,10203.000000,8.652875,12.979780
10,1201135,1205029,1207647,2.620000,0.000114,3278,-0.482891,6869.840000,10272.900000,8.037718,13.581025
11,1207647,1211359,1213759,2.400000,0.000135,3362,-0.708822,6876.170000,10336.100000,8.604070,14.096487
12,1213759,1217649,1220328,2.680000,0.000152,3258,-0.890923,6882.460000,10398.400000,7.498475,14.936712
13,1220328,1224654,1226961,2.310000,0.000152,4326,-0.904879,6889.460000,10466.800000,7.326004,17.667365
14,1226961,1231529,1233550,2.020000,0.000213,3699,-1.554360,6896.340000,10534.700000,7.372251,21.438368
15,1233550,1238529,1240474,1.940000,0.000244,4451,-1.892038,6903.340000,10603.800000,6.367264,35.328691
16,1240474,1246277,1247790,1.510000,0.000285,4582,-2.351026,6911.090000,10681.100000,5.722157,63.239304
17,1247790,1254558,1256199,1.640000,0.000319,4142,-2.736739,6919.370000,10763.700000,6.365131,66.196436
18,1256199,1262941,1264104,1.160000,0.000312,4388,-2.692208,6927.750000,10847.500000,5.794929,95.805019
19,1264104,1271401,1272869,1.470000,0.000349,3895,-3.114067,6936.210000,10931.900000,6.261310,109.610755
20,1272869,1280909,1282352,1.440000,0.000356,4211,-3.221300,6945.720000,11026.800000,5.444540,90.851467
21,1282352,1289679,1290854,1.170000,0.000330,4950,-2.974964,6954.490000,11114.300000,6.269887,148.794070
22,1290854,1299614,1300836,1.220000,0.000384,4191,-3.603090,6964.420000,11213.400000,5.357576,139.965404
23,1300836,1309418,1310372,0.950000,0.000378,3633,-3.573222,6974.230000,11311.300000,5.649826,176.130512
24,1310372,1319562,1320652,1.090000,0.000391,4747,-3.753552,6984.370000,11411.600000,5.754161,181.802045
25,1320652,1330033,1331050,1.020000,0.000458,1844,-4.564986,6994.840000,11515.300000,5.789408,191.233369
26,1331050,1340851,1341698,0.850000,0.000428,3233,-4.261435,7005.660000,11623.400000,4.893676,170.345103
27,1341698,1350758,1351626,0.860000,0.000410,3278,-4.101082,7015.570000,11722.100000,5.935772,196.367729
28,1351626,1361296,1362106,0.810000,0.000425,3720,-4.319592,7026.100000,11827.300000,5.057310,213.941906
29,1362106,1372028,1373052,1.020000,0.000429,3711,-4.411543,7036.840000,11934.300000,5.303759,212.709461
30,1373052,1382830,1383778,0.950000,0.000444,3123,-4.632673,7047.640000,12042.300000,5.441210,190.882277
31,1383778,1393178,1394131,0.950000,0.000423,3707,-4.428515,7057.990000,12145.600000,5.130771,224.844356
32,1394131,1404111,1405269,1.160000,0.000448,3381,-4.782239,7068.920000,12254.700000,5.431169,216.008938
33,1405269,1414731,1415937,1.210000,0.000468,2420,-5.071081,7079.540000,12360.600000,4.328923,233.257940
34,1415937,1426208,1427245,1.030000,0.000490,2121,-5.394789,7091.020000,12475.100000,5.181710,237.519415
35,1427245,1437663,1438555,0.890000,0.000469,2892,-5.193615,7102.470000,12588.300000,4.613844,214.472384
36,1438555,1448197,1449445,1.240000,0.000495,1983,-5.568595,7113.010000,12692.500000,5.616601,237.771314
37,1449445,1459602,1460656,1.050000,0.000473,2747,-5.351185,7124.410000,12806.500000,5.356999,292.885412
38,1460656,1470381,1471241,0.860000,0.000426,5410,-4.796998,7135.190000,12916.700000,5.339121,210.762047
39,1471241,1480929,1482049,1.120000,0.000437,4262,-4.978930,7145.740000,13022.100000,3.633737,202.993643
40,1482049,1491879,1493013,1.130000,0.000404,6092,-4.605114,7156.690000,13130.900000,6.339109,173.563039
41,1493013,1502120,1502902,0.780000,0.000399,5514,-4.579540,7166.930000,13232.200000,6.535887,224.340788
42,1514250,1595434,1596255,0.820000,0.000517,1537,-6.234279,7260.240000,13587.400000,4.375088,252.068145
43,1596255,1605181,1605910,0.730000,0.000428,4952,-5.154197,7269.990000,13684.800000,6.115797,212.668820
44,1605910,1615767,1616477,0.710000,0.000448,5111,-5.474688,7280.580000,13790.300000,5.929439,223.055691
45,1616477,1626296,1627029,0.740000,0.000439,5363,-5.391865,7291.100000,13895.700000,5.041851,224.932128
46,1627029,1637331,1638027,0.700000,0.000422,6194,-5.205094,7302.140000,14005.800000,7.387667,215.754000
47,1638027,1647882,1648833,0.950000,0.000445,4166,-5.576294,7312.690000,14110.900000,7.506577,219.657371
48,1648833,1658803,1659744,0.940000,0.000418,5667,-5.237400,7323.610000,14220.100000,4.325064,213.537101
49,1659744,1669671,1670572,0.900000,0.000450,4464,-5.735946,7334.480000,14328.700000,5.693358,223.393907
50,1670572,1680701,1681514,0.810000,0.000492,2756,-6.390677,7345.510000,14438.600000,7.161247,238.401816
51,1681514,1690736,1691594,0.860000,0.000425,4675,-5.469182,7355.540000,14538.500000,3.847367,193.623053
52,1691594,1701310,1702061,0.750000,0.000480,2628,-6.322926,7366.120000,14644.400000,5.966327,218.473415
53,1702061,1711974,1713040,1.070000,0.000460,3689,-6.078982,7376.780000,14750.600000,5.119202,214.158327
54,1713040,1723066,1723959,0.900000,0.000437,5159,-5.782750,7387.870000,14861.300000,6.438552,216.812962
55,1723959,1734330,1735251,0.920000,0.000436,5249,-5.822439,7399.140000,14974.000000,6.300427,209.615771
56,1735251,1745322,1746119,0.800000,0.000443,4408,-5.977605,7410.130000,15083.600000,4.710615,201.255853
57,1746119,1755909,1756666,0.750000,0.000427,5065,-5.777401,7420.720000,15189.000000,5.839647,212.871728
58,1756666,1766443,1767353,0.910000,0.000424,5556,-5.782894,7431.250000,15294.100000,6.164008,242.941891
59,1767353,1776987,1777862,0.870000,0.000439,4737,-6.056011,7441.800000,15399.400000,5.309958,217.839618
60,1777862,1787642,1788679,1.040000,0.000451,4316,-6.283658,7452.450000,15505.600000,5.780259,177.992525
61,1788679,1797299,1798250,0.950000,0.000422,4104,-5.885911,7462.110000,15602.100000,6.539092,209.022437
62,1798250,1808470,1809067,0.600000,0.000470,2960,-6.679655,7473.280000,15713.500000,6.383666,221.115429
63,1809067,1819100,1820060,0.960000,0.000420,6089,-5.939935,7483.910000,15819.600000,5.596089,190.609760
64,1820060,1829386,1830246,0.860000,0.000468,2795,-6.750932,7494.190000,15922.000000,5.776403,187.557059
65,1830246,1839825,1840699,0.880000,0.000444,4046,-6.407028,7504.630000,16026.000000,5.876880,221.559609
66,1840699,1849939,1850715,0.770000,0.000428,4510,-6.200565,7514.750000,16127.400000,8.037326,218.343075
67,1850715,1860713,1861568,0.860000,0.000475,3500,-7.005467,7525.520000,16234.900000,6.014339,202.545019
68,1861568,1871369,1872261,0.890000,0.000429,5245,-6.315676,7536.180000,16341.200000,5.229682,218.743137
69,1872261,1881935,1882999,1.070000,0.000459,3958,-6.848380,7546.740000,16446.400000,4.477743,211.328741
70,1882999,1893122,1893919,0.800000,0.000448,5061,-6.714350,7557.930000,16558.300000,5.947851,167.718967
71,1893919,1902910,1903471,0.560000,0.000431,4290,-6.470653,7567.720000,16655.700000,7.956684,198.003953
72,1903471,1912837,1913586,0.740000,0.000440,4744,-6.668132,7577.650000,16755.000000,6.507600,210.027278
73,1913586,1923302,1924254,0.950000,0.000458,3589,-7.012102,7588.110000,16859.400000,5.287069,169.528835
74,1924254,1932612,1933248,0.640000,0.000419,4471,-6.397273,7597.420000,16952.200000,6.013086,185.329263
75,1933248,1941862,1942653,0.790000,0.000435,4465,-6.718890,7606.670000,17044.600000,5.764776,201.239203
76,1942653,1951638,1952596,0.950000,0.000478,2985,-7.493115,7616.450000,17142.200000,4.292342,205.434862
77,1952596,1961945,1962808,0.870000,0.000484,3540,-7.636235,7626.750000,17245.000000,6.007136,166.076062
78,1962808,1971295,1971771,0.480000,0.000457,3163,-7.221996,7636.100000,17338.200000,7.431071,205.283358
79,1971771,1981328,1982053,0.720000,0.000436,5292,-6.897863,7646.140000,17438.200000,7.338756,167.471865
80,1982053,1990542,1991235,0.690000,0.000427,4176,-6.782150,7655.350000,17530.000000,5.780290,213.319370
81,1991235,2001345,2002263,0.920000,0.000467,3980,-7.525094,7666.150000,17638.200000,5.431393,160.887285
82,2002263,2010834,2011549,0.720000,0.000439,3950,-7.084421,7675.640000,17732.600000,5.613417,196.174227
83,2011549,2020899,2021728,0.830000,0.000454,4654,-7.404847,7685.710000,17833.000000,4.576489,177.336624
84,2021728,2030481,2031188,0.710000,0.000435,4293,-7.097609,7695.290000,17928.700000,4.291039,205.288480
85,2031188,2040310,2041069,0.760000,0.000457,3941,-7.540244,7705.120000,18026.900000,5.163842,185.878017
86,2041069,2049841,2050684,0.840000,0.000467,3148,-7.769947,7714.650000,18121.800000,4.963804,187.485133
87,2050684,2059155,2059849,0.700000,0.000419,5531,-6.945115,7723.960000,18214.900000,5.379953,209.559517
88,2059849,2069288,2069783,0.490000,0.000443,5194,-7.416558,7734.100000,18316.100000,5.593715,232.647888
89,2069783,2079787,2080695,0.900000,0.000464,4442,-7.851747,7744.600000,18420.600000,7.119605,211.441783
90,2080695,2090312,2091072,0.760000,0.000461,4461,-7.831192,7755.120000,18525.900000,5.953906,209.127144
91,2091072,2100654,2101364,0.710000,0.000448,4869,-7.637787,7765.460000,18629.000000,4.948481,206.812379
92,2101364,2110720,2111668,0.950000,0.000465,4570,-8.015719,7775.530000,18729.400000,2.904249,235.035072
93,2111668,2120763,2121517,0.760000,0.000466,3542,-8.065809,7785.570000,18829.600000,6.499910,216.300568
94,2121517,2131310,2131908,0.600000,0.000474,4086,-8.277302,7796.120000,18935.000000,6.660132,230.520784
95,2131908,2141504,2142472,0.970000,0.000454,4981,-7.937270,7806.310000,19036.700000,6.517989,201.475225
96,2142472,2151397,2151989,0.590000,0.000488,2387,-8.637629,7816.210000,19135.200000,6.593956,241.940704
97,2151989,2162117,2162762,0.640000,0.000458,4631,-8.111691,7826.930000,19242.000000,4.929467,222.495476
98,2162762,2172325,2173427,1.110000,0.000459,4466,-8.170823,7837.130000,19343.700000,6.988175,214.611579
99,2173427,2183144,2184046,0.900000,0.000452,4630,-8.090650,7847.950000,19452.000000,5.343124,191.117320
100,2184046,2192671,2193415,0.740000,0.000446,4488,-8.015233,7857.480000,19547.000000,6.269540,201.154064
101,2193415,2202641,2203294,0.650000,0.000469,4096,-8.508583,7867.450000,19646.500000,5.957149,166.413735
102,2203294,2211510,2212252,0.740000,0.000463,2911,-8.432417,7876.320000,19735.100000,5.537951,196.941694
103,2212252,2221648,2222255,0.600000,0.000459,4872,-8.403861,7886.460000,19836.100000,5.328600,202.692500
104,2222255,2231716,2232303,0.590000,0.000464,4966,-8.545418,7896.520000,19935.900000,4.865423,230.714955
105,2232303,2241910,2242676,0.760000,0.000554,1899,-10.398511,7906.720000,20037.500000,6.599981,224.612790
106,2242676,2251996,2252633,0.640000,0.000473,3815,-8.825365,7916.800000,20138.200000,5.453097,234.703624
107,2252633,2262508,2263055,0.540000,0.000484,3440,-9.087747,7927.320000,20243.000000,6.395396,246.250550
108,2263055,2273090,2273822,0.730000,0.000439,6849,-8.231265,7937.900000,20348.400000,5.122713,263.853032
109,2273822,2283634,2284448,0.820000,0.000467,5391,-8.841845,7948.440000,20453.900000,4.768012,211.051626
110,2284448,2293722,2294431,0.710000,0.000470,4049,-8.957932,7958.530000,20554.400000,4.922544,204.565010
111,2294431,2303977,2304654,0.670000,0.000451,5149,-8.613546,7968.790000,20656.500000,6.571324,228.012730
112,2304654,2314177,2314771,0.590000,0.000479,4447,-9.238507,7978.990000,20758.600000,6.083628,257.294334
113,2314771,2324943,2325688,0.750000,0.000473,5446,-9.168604,7989.750000,20866.000000,6.914343,264.795182
114,2325688,2336125,2336603,0.480000,0.000463,6037,-9.018706,8000.930000,20977.600000,6.346906,261.830956
115,2336603,2346749,2347310,0.560000,0.000477,5081,-9.350179,8011.560000,21083.100000,5.824124,276.719063
116,2347310,2357557,2358253,0.690000,0.000457,6888,-8.977411,8022.370000,21190.700000,4.992927,257.296126
117,2358253,2367911,2368635,0.720000,0.000473,4935,-9.361689,8032.720000,21293.900000,4.706065,248.162015
118,2368635,2378322,2379002,0.680000,0.000474,4580,-9.443421,8043.130000,21397.700000,5.722354,250.220117
119,2379002,2389193,2389779,0.590000,0.000471,4942,-9.435382,8054.000000,21506.200000,4.330065,234.628231
120,2389779,2399394,2400250,0.860000,0.000459,5374,-9.222668,8064.200000,21608.100000,5.942501,244.283543
121,2400250,2410309,2410802,0.490000,0.000470,4822,-9.514848,8075.120000,21717.000000,6.026780,251.978656
122,2410802,2420299,2420961,0.660000,0.000493,3395,-10.050978,8085.110000,21816.800000,6.529554,270.398646
123,2420961,2431294,2432054,0.760000,0.000467,6251,-9.533240,8096.100000,21926.300000,5.670209,288.769869
124,2432054,2442659,2443357,0.700000,0.000474,6178,-9.738381,8107.470000,22039.900000,4.690423,259.512472
125,2443357,2453322,2453814,0.490000,0.000467,5779,-9.649352,8118.130000,22146.500000,5.451313,265.298649
126,2453814,2463899,2464630,0.730000,0.000481,5324,-10.005321,8128.710000,22251.700000,7.306508,225.152147
127,2464630,2474202,2474842,0.640000,0.000504,3448,-10.556329,8139.010000,22354.400000,6.598493,230.061021
128,2474842,2484326,2485110,0.790000,0.000452,6334,-9.454128,8149.130000,22455.500000,5.712293,228.223134
129,2485110,2692116,2708162,16.050000,0.000536,2095,-11.396565,8356.920000,22307.700000,0.053558,290.269788
130,2708162,2717757,2718253,0.490000,0.000470,6055,-9.901213,8382.570000,22563.400000,2.927148,269.390118
131,2718253,2727790,2728241,0.450000,0.000450,7161,-9.492807,8392.600000,22662.400000,6.066577,326.771226
132,2728241,2738588,2738969,0.380000,0.000493,5771,-10.526257,8403.400000,22769.800000,1.713011,310.872693
133,2738969,2749001,2749656,0.650000,0.000501,4973,-10.751921,8413.810000,22873.900000,3.399293,290.500451
134,2749656,2759713,2760251,0.540000,0.000491,5079,-10.586442,8424.520000,22980.500000,3.526623,235.304804
135,2760251,2768909,2769455,0.540000,0.000457,5711,-9.841371,8433.720000,23072.400000,2.773413,274.029352
136,2769455,2778891,2779383,0.490000,0.000469,5560,-10.171349,8443.700000,23171.800000,5.391711,258.154266
137,2779383,2788814,2789307,0.500000,0.000450,7002,-9.775332,8453.620000,23270.500000,3.193677,269.775422
138,2789307,2798596,2799193,0.600000,0.000484,4858,-10.622564,8463.400000,23368.200000,4.569209,291.875388
139,2799193,2808943,2809520,0.580000,0.000477,6015,-10.486703,8473.750000,23471.400000,3.982044,284.927803
140,2809520,2819308,2819898,0.590000,0.000452,6655,-9.954753,8484.120000,23575.200000,4.885199,263.413926
141,2819898,2829390,2829932,0.540000,0.000484,5095,-10.770265,8494.200000,23675.600000,5.784205,306.434214
142,2829932,2839896,2840692,0.800000,0.000503,5252,-11.254449,8504.700000,23780.700000,3.448990,286.350112
143,2840692,2850434,2851025,0.590000,0.000504,4423,-11.344187,8515.240000,23885.300000,3.542389,248.821303
144,2851025,2860468,2861021,0.550000,0.000465,6073,-10.445867,8525.280000,23985.700000,4.466974,280.790698
145,2861021,2870338,2871163,0.820000,0.000446,7420,-10.054523,8535.150000,24083.900000,4.365057,329.698505
146,2871163,2881493,2882184,0.690000,0.000642,1532,-14.826837,8546.300000,24195.200000,4.977837,260.501241
147,2882184,2891523,2892134,0.610000,0.000469,5927,-10.706213,8556.330000,24295.200000,4.988011,283.001198
148,2892134,2902033,2902747,0.720000,0.000456,7652,-10.439391,8566.840000,24400.400000,5.244963,251.819264
149,2902747,2911719,2912450,0.730000,0.000496,4466,-11.449745,8576.530000,24497.000000,6.596579,277.163846
150,2912450,2922115,2922769,0.660000,0.000489,5580,-11.332858,8586.920000,24600.700000,4.941778,262.135911
151,2922769,2932362,2933092,0.730000,0.000486,5450,-11.314776,8597.170000,24703.200000,8.871143,241.846865
152,2933092,2941834,2942516,0.680000,0.000465,5725,-10.839203,8606.640000,24797.300000,5.474540,227.726584
153,2942516,2951652,2952479,0.830000,0.000471,5541,-11.025489,8616.460000,24895.400000,2.585551,281.323161
154,2952479,2962503,2963016,0.510000,0.000472,6702,-11.106180,8627.310000,25003.400000,3.070482,265.291839
155,2963016,2972454,2973123,0.670000,0.000486,5199,-11.509685,8637.260000,25102.200000,5.301485,306.514072
156,2973123,2983414,2983985,0.570000,0.000475,6738,-11.279963,8648.220000,25211.700000,4.698491,272.930917
157,2983985,2993586,2994079,0.500000,0.000475,5923,-11.336422,8658.390000,25313.300000,6.000144,241.418112
158,2994079,3003335,3003959,0.630000,0.000494,4418,-11.845401,8668.140000,25410.800000,3.961256,274.516295
159,3003959,3013637,3014117,0.480000,0.000496,5146,-11.943216,8678.450000,25513.300000,4.758249,278.630541
160,3014117,3023723,3024469,0.750000,0.000472,6804,-11.383101,8688.530000,25614.000000,4.367926,265.570404
161,3024469,3033716,3034371,0.660000,0.000484,5622,-11.740691,8698.520000,25713.700000,4.765873,283.577197
162,3034371,3044174,3044666,0.490000,0.000511,4836,-12.495781,8708.980000,25818.100000,6.473981,276.427543
163,3044666,3054617,3055114,0.490000,0.000508,5540,-12.480281,8719.430000,25922.400000,3.641137,226.534883
164,3055114,3063581,3064111,0.530000,0.000484,5515,-11.883775,8728.390000,26011.600000,4.885703,294.484233
165,3064111,3074086,3074629,0.550000,0.000496,6094,-12.241642,8738.890000,26116.700000,5.609703,282.929576
166,3074629,3084539,3085085,0.540000,0.000493,5388,-12.230227,8749.350000,26220.700000,3.501841,260.047547
167,3085085,3094304,3094827,0.530000,0.000480,5419,-11.939112,8759.110000,26317.100000,4.376529,282.262000
168,3094827,3104651,3105288,0.640000,0.000512,4389,-12.816417,8769.460000,26420.600000,5.262430,257.084630
169,3105288,3114680,3115238,0.560000,0.000472,5884,-11.825078,8779.490000,26520.400000,5.365373,265.494344
170,3115238,3124510,3125257,0.750000,0.000472,5916,-11.878595,8789.320000,26618.800000,6.524737,274.260713
171,3125257,3134442,3135103,0.660000,0.000488,4914,-12.332771,8799.250000,26717.600000,4.026897,271.038002
172,3135103,3144595,3145134,0.540000,0.000474,6118,-12.025237,8809.400000,26819.000000,6.672597,265.466409
173,3145134,3154467,3155227,0.760000,0.000495,4983,-12.620856,8819.280000,26917.300000,3.893100,276.407740
174,3155227,3164996,3165538,0.550000,0.000516,4004,-13.239430,8829.800000,27022.400000,4.101976,253.948447
175,3165538,3174344,3174942,0.600000,0.000483,4477,-12.403145,8839.150000,27116.000000,5.463158,228.374029
176,3174942,3184124,3184566,0.440000,0.000478,5229,-12.314329,8848.930000,27213.600000,4.327580,276.710961
177,3184566,3194731,3195257,0.530000,0.000499,5530,-12.937514,8859.540000,27318.700000,3.983527,340.556236
178,3195257,3205601,3206247,0.650000,0.000601,2400,-15.780918,8870.410000,27427.500000,3.722934,255.897540
179,3206247,3215321,3215928,0.610000,0.000480,5502,-12.526910,8880.130000,27524.800000,5.440984,294.461724
180,3215928,3225801,3226362,0.560000,0.000488,6285,-12.786615,8890.610000,27628.900000,5.678314,247.940454
181,3226362,3235154,3235528,0.380000,0.000481,4790,-12.642434,8899.960000,27722.100000,5.808361,247.490710
182,3235528,3245314,3245742,0.430000,0.000487,5574,-12.859589,8910.120000,27823.600000,5.105105,304.973015
183,3245742,3255493,3255934,0.440000,0.000486,6442,-12.884469,8920.300000,27925.400000,1.637651,289.437111
184,3255934,3265528,3266137,0.610000,0.000483,6279,-12.835082,8930.340000,28025.400000,8.228519,272.204964
185,3266137,3275633,3276247,0.620000,0.000476,6906,-12.698511,8940.440000,28126.300000,4.409060,314.431122
186,3276247,3286391,3286996,0.600000,0.000488,6827,-13.072693,8951.200000,28231.900000,4.198546,262.930103
187,3286996,3296305,3296817,0.520000,0.000496,5004,-13.364068,8961.110000,28330.300000,6.264315,296.015059
188,3296817,3306336,3307031,0.700000,0.000486,6397,-13.133130,8971.140000,28430.500000,6.121676,250.559695
189,3307031,3315918,3316449,0.530000,0.000471,6177,-12.747167,8980.730000,28525.900000,9.011414,350.407201
190,3316449,3326622,3327264,0.640000,0.000584,2739,-16.003008,8991.430000,28632.600000,0.227345,214.245593
191,3327264,3335777,3336241,0.460000,0.000488,3958,-13.326396,9000.590000,28723.300000,5.000109,301.722514
192,3336241,3346317,3346890,0.570000,0.000527,4516,-14.489994,9011.130000,28828.100000,2.043379,261.755950
193,3346890,3355770,3356228,0.460000,0.000508,4317,-13.996007,9020.580000,28922.200000,3.389975,294.352115
194,3356228,3366028,3366424,0.390000,0.000483,6258,-13.330543,9030.840000,29024.800000,4.178697,279.014601
195,3366424,3376161,3376656,0.490000,0.000474,6888,-13.115549,9040.970000,29126.000000,4.009667,282.816965
196,3376656,3386458,3387047,0.590000,0.000504,5140,-14.030250,9051.270000,29228.900000,2.731693,276.130449
197,3387047,3396507,3397301,0.790000,0.000473,6868,-13.174807,9061.320000,29329.200000,5.439082,255.999103
198,3397301,3404161,3407246,3.080000,0.000479,5824,-13.393743,9068.970000,29404.900000,5.079246,300.147685
199,3407246,3417455,3417860,0.410000,0.000482,6493,-13.539140,9082.260000,29538.000000,4.659234,246.193174
200,3417860,3426674,3427247,0.580000,0.000479,5349,-13.488549,9091.480000,29629.200000,5.319440,279.051090
201,3427247,3436912,3437467,0.560000,0.000495,5792,-14.013914,9101.720000,29731.300000,3.672903,279.946455
202,3437467,3447016,3447552,0.540000,0.000514,4729,-14.645833,9111.820000,29832.200000,4.255701,255.456174
203,3447552,3456892,3457641,0.750000,0.000495,5659,-14.118257,9121.700000,29930.700000,3.993465,268.552108
204,3457641,3467139,3467687,0.550000,0.000519,4573,-14.874770,9131.950000,30033.000000,4.445430,221.292407
205,3467687,3476767,3477249,0.480000,0.000474,6004,-13.595474,9141.580000,30129.100000,6.099291,294.769051
206,3477249,3487112,3487617,0.510000,0.000493,5955,-14.203289,9151.920000,30232.400000,5.012794,199.998874
207,3487617,3495805,3496336,0.530000,0.000470,4348,-13.563903,9160.610000,30319.000000,5.317639,255.577337
208,3496336,3505734,3506405,0.670000,0.000480,6665,-13.893020,9170.540000,30418.100000,5.042930,260.162812
209,3506405,3515720,3516226,0.500000,0.000506,4809,-14.747253,9180.530000,30517.600000,4.748264,305.995642
210,3516226,3525986,3526775,0.790000,0.000573,2983,-16.846671,9190.790000,30620.200000,3.886175,203.286512
211,3526775,3535347,3535842,0.490000,0.000472,6041,-13.787928,9200.160000,30713.600000,5.556758,267.447577
212,3535842,3545651,3545975,0.320000,0.000491,5781,-14.416245,9210.460000,30815.700000,6.596912,300.683214
213,3545975,3555969,3556482,0.510000,0.000497,6201,-14.682235,9220.780000,30918.500000,6.237313,237.136889
214,3556482,3564623,3565567,0.950000,0.000476,5695,-14.080349,9229.430000,31004.700000,3.976251,273.002225
215,3565567,3574543,3575598,1.060000,0.000533,3638,-15.877166,9239.350000,31103.800000,4.807026,271.320003
216,3575598,3585052,3585603,0.550000,0.000515,4615,-15.379243,9249.860000,31208.800000,3.958403,258.431030
217,3585603,3594566,3595164,0.600000,0.000506,4612,-15.155908,9259.370000,31303.700000,5.696553,263.112590
218,3595164,3604813,3605147,0.340000,0.000489,6050,-14.671188,9269.620000,31406.100000,8.804164,302.897896
219,3605147,3615007,3615562,0.550000,0.000514,5051,-15.484869,9279.820000,31507.900000,4.146610,280.228026
220,3615562,3624584,3625198,0.620000,0.000485,6526,-14.635748,9289.390000,31603.500000,4.414960,293.127097
221,3625198,3634898,3635359,0.460000,0.000488,6523,-14.768760,9299.710000,31706.400000,3.575480,318.922064
222,3635359,3645334,3645973,0.640000,0.000655,1449,-20.134565,9310.140000,31810.700000,3.961858,241.700226
223,3645973,3654606,3655082,0.480000,0.000509,3922,-15.554694,9319.410000,31903.200000,7.947485,338.164780
224,3655082,3665117,3665606,0.480000,0.000513,6134,-15.721237,9329.930000,32008.000000,0.000637,260.411822
225,3665606,3674745,3675270,0.530000,0.000511,4609,-15.702225,9339.550000,32104.000000,5.287948,226.210645
226,3675270,3684528,3685011,0.480000,0.000557,2852,-17.223452,9349.340000,32201.800000,5.380713,293.894922
227,3685011,3694504,3695122,0.620000,0.000485,7199,-14.985140,9359.310000,32301.300000,5.180739,277.509032
228,3695122,3703338,3704995,1.650000,0.000513,5056,-15.933352,9368.150000,32389.300000,2.049204,228.379676
229,3704995,3713772,3714175,0.400000,0.000476,6793,-14.775639,9378.580000,32493.200000,3.406165,286.139134
230,3714175,3723457,3723906,0.440000,0.000532,4042,-16.627063,9388.270000,32589.900000,3.462922,295.161360
231,3723906,3733501,3733971,0.470000,0.000504,6131,-15.786766,9398.310000,32690.300000,3.321908,283.300788
232,3733971,3743087,3743539,0.450000,0.000492,5652,-15.441785,9407.900000,32785.600000,4.302100,315.428954
233,3743539,3753480,3753833,0.350000,0.000496,6684,-15.618606,9418.290000,32889.400000,3.057442,290.640134
234,3753833,3762754,3763240,0.490000,0.000495,6063,-15.642001,9427.560000,32982.000000,4.221298,293.938676
235,3763240,3772641,3773123,0.480000,0.000501,5931,-15.884757,9437.450000,33080.600000,4.557916,314.933692
236,3773123,3782350,3783002,0.650000,0.000492,7011,-15.623023,9447.160000,33177.800000,4.221826,283.007300
237,3783002,3792943,3793368,0.430000,0.000495,7198,-15.771262,9457.750000,33283.000000,4.320171,333.237182
238,3793368,3802631,3803129,0.500000,0.000521,5850,-16.708654,9467.440000,33379.000000,0.474081,253.421116
239,3803129,3812467,3812945,0.470000,0.000535,4079,-17.195969,9477.280000,33477.300000,4.024556,350.535492
240,3812945,3822720,3823242,0.520000,0.000517,5974,-16.663114,9487.530000,33579.500000,0.010583,301.437903
241,3823242,3832812,3833264,0.450000,0.000497,6929,-16.046323,9497.620000,33680.300000,3.561949,295.383340
242,3833264,3842752,3843377,0.630000,0.000570,2909,-18.541551,9507.560000,33779.300000,5.338496,270.670648
243,3843377,3852629,3853137,0.510000,0.000513,4837,-16.667411,9517.440000,33878.100000,4.548746,288.483442
244,3853137,3862308,3862787,0.480000,0.000510,5545,-16.644551,9527.120000,33974.600000,5.571275,235.619391
245,3862787,3871351,3871886,0.530000,0.000520,4421,-17.002312,9536.160000,34065.000000,4.064519,325.090055
246,3871886,3881592,3882156,0.560000,0.000550,4419,-18.077407,9546.400000,34167.000000,4.163462,276.108660
247,3882156,3891399,3891928,0.530000,0.000511,6064,-16.800384,9556.210000,34264.100000,4.940643,308.750316
248,3891928,3900898,3901651,0.750000,0.000516,6257,-17.044310,9565.710000,34359.200000,2.660422,194.851377
249,3901651,3910103,3910556,0.450000,0.000544,3164,-18.039364,9574.910000,34450.900000,5.084918,290.445260
250,3910556,3919676,3920184,0.510000,0.000531,5015,-17.660715,9584.480000,34546.500000,3.508489,267.868317
251,3920184,3929860,3930373,0.510000,0.000503,6921,-16.713577,9594.670000,34646.200000,2.724010,266.094557
252,3930373,3938724,3939216,0.490000,0.000499,5966,-16.650017,9603.530000,34735.000000,5.127500,483.275232
253,3939216,3948551,3949034,0.480000,0.000525,4332,-17.592024,9613.360000,34832.500000,5.629519,248.137868
254,3949034,3957797,3958399,0.600000,0.000535,3953,-17.991201,9622.610000,34923.500000,5.326752,308.429194
255,3958399,3968133,3968466,0.330000,0.000502,6610,-16.896783,9632.940000,35025.800000,4.272257,516.585959
256,3968466,3977786,3978283,0.500000,0.000540,4267,-18.279960,9642.590000,35121.300000,5.656185,326.964941
257,3978283,3988004,3988548,0.550000,0.000516,5852,-17.476262,9652.810000,35223.300000,0.792606,243.992924
258,3988548,3996766,3996991,0.230000,0.000522,4269,-17.748190,9661.570000,35310.200000,4.954091,506.071000
259,3996991,4006804,4007240,0.440000,0.000542,4149,-18.487537,9671.610000,35410.500000,5.688600,293.265427
260,4007240,4016992,4017257,0.270000,0.000536,4793,-18.318896,9681.800000,35511.900000,3.343511,618.072053
261,4017257,4026976,4027416,0.440000,0.000556,3958,-19.092882,9691.780000,35611.600000,3.057549,386.570513
262,4027416,4033813,4036326,2.510000,0.000532,3695,-18.310175,9698.620000,35679.600000,5.043474,573.858503
263,4036326,4045964,4046396,0.430000,0.000521,5023,-17.939385,9710.770000,35800.800000,4.537961,373.998899
264,4046396,4055485,4055887,0.410000,0.000545,3824,-18.876763,9720.290000,35895.600000,5.250318,286.957078
265,4055887,4065316,4065595,0.280000,0.000614,2019,-21.395102,9730.120000,35993.600000,5.546714,417.259188
266,4065595,4075003,4075577,0.580000,0.000538,4550,-18.709049,9739.810000,36090.300000,4.489056,259.467325
267,4075577,4084337,4084559,0.220000,0.000496,6318,-17.257279,9749.150000,36183.500000,5.705243,551.590115
268,4084559,4094340,4094814,0.470000,0.000546,4356,-19.107618,9759.150000,36282.900000,5.262836,497.225269
269,4225622,4264334,4264663,0.330000,0.000526,20543,-18.863355,9929.140000,37370.400000,0.014819,511.468620
270,4264663,4273527,4273982,0.450000,0.000504,6180,-18.170632,9938.340000,37462.200000,8.373132,309.861295
271,4283860,4293430,4293972,0.540000,0.000587,3220,-21.403813,9958.240000,37660.700000,0.066214,334.996303
272,4293972,4303376,4303868,0.500000,0.000538,5128,-19.632679,9968.180000,37760.100000,0.097498,289.430691
273,4303868,4313029,4313376,0.340000,0.000516,6281,-18.839975,9977.840000,37856.100000,3.454440,599.868845
274,4313376,4322976,4323420,0.450000,0.000549,4686,-20.153493,9987.780000,37955.300000,4.338557,545.193988
275,4323420,4332976,4333367,0.400000,0.000506,6695,-18.558111,9997.780000,38055.400000,4.842010,428.708204
276,4333367,4342503,4342906,0.400000,0.000504,6450,-18.517347,10007.300000,38150.800000,5.299456,284.470951
277,4342906,4352460,4352900,0.400000,0.000567,3294,-20.991399,10017.300000,38249.600000,4.840974,310.754333
278,4352900,4362776,4363181,0.400000,0.000540,5302,-20.010070,10027.600000,38352.900000,0.082486,304.438094
279,4363181,4371949,4372187,0.200000,0.000498,5611,-18.443273,10036.800000,38444.400000,5.517394,395.378510
280,4372187,4382392,4382618,0.200000,0.000583,3788,-21.782325,10047.200000,38548.500000,0.021008,247.803580
281,4382618,4392108,4392551,0.500000,0.000511,6380,-19.048508,10056.900000,38645.300000,0.347932,380.056888
282,4392551,4402207,4402572,0.400000,0.000719,1195,-27.141881,10067.000000,38746.300000,0.035761,325.689755
283,4402572,4412009,4412266,0.300000,0.000556,3645,-20.900415,10076.800000,38844.200000,3.515438,341.565924
284,4412266,4422151,4422374,0.200000,0.000539,4927,-20.282686,10087.000000,38945.400000,1.900868,374.290876
285,4422374,4432209,4432608,0.400000,0.000514,6548,-19.373106,10097.000000,39045.800000,4.603171,341.607428
286,4432608,4441517,4442190,0.700000,0.000520,5363,-19.637533,10106.300000,39138.600000,4.943575,247.716809
287,4442190,4450547,4450967,0.400000,0.000527,3952,-19.979308,10115.400000,39228.800000,4.087269,299.471380
288,4450967,4459832,4460321,0.500000,0.000571,2849,-21.756768,10124.600000,39321.900000,5.165687,240.997284
289,4460321,4469664,4470107,0.400000,0.000552,3837,-21.050366,10134.500000,39419.800000,5.580458,213.761004
290,4470107,4478705,4479012,0.300000,0.000547,3960,-20.902921,10143.500000,39509.800000,6.789896,269.850885
291,4479012,4488716,4489059,0.400000,0.000524,6203,-20.053822,10153.500000,39609.800000,5.246490,296.809600
292,4489059,4498475,4498911,0.400000,0.000532,5582,-20.420051,10163.300000,39707.400000,5.477716,357.131799
293,4498911,4508356,4508900,0.500000,0.000536,5230,-20.625860,10173.200000,39806.100000,3.981856,381.044056
294,4508900,4518925,4519281,0.400000,0.000697,1290,-27.108581,10183.700000,39911.300000,0.203793,358.959038
295,4519281,4528337,4528809,0.500000,0.000527,5224,-20.388943,10193.100000,40005.400000,4.388931,276.100220
296,4528809,4537480,4538162,0.700000,0.000567,3099,-22.024113,10202.300000,40096.400000,4.320670,277.138439
297,4538162,4547893,4548281,0.400000,0.000597,2847,-23.311743,10212.700000,40200.300000,5.161736,192.390472
298,4548281,4556726,4557244,0.600000,0.000523,4870,-20.380706,10221.500000,40288.600000,3.994304,395.497906
299,4557244,4567175,4567610,0.400000,0.000559,4377,-21.875188,10232.000000,40392.900000,3.161665,196.547061
300,4567610,4576034,4576543,0.600000,0.000513,5618,-20.053206,10240.800000,40481.100000,5.395171,316.432171
301,4576543,4586315,4586677,0.400000,0.000647,1687,-25.549261,10251.100000,40583.800000,0.516376,228.058298
302,4586677,4595975,4596465,0.500000,0.000604,1996,-23.879394,10260.800000,40680.100000,3.980250,337.990566
303,4596465,4605489,4606000,0.500000,0.000513,6333,-20.206871,10270.300000,40775.300000,2.930503,267.383946
304,4606000,4614803,4615300,0.500000,0.000611,2096,-24.254363,10279.600000,40868.500000,6.913490,329.316906
305,4615300,4624335,4624851,0.600000,0.000546,4193,-21.676938,10289.100000,40963.500000,4.850443,275.089472
306,4624851,4634202,4634743,0.600000,0.000627,2309,-25.032957,10299.000000,41061.800000,2.577413,316.364229
307,4634743,4643841,4644360,0.600000,0.000602,2336,-24.072475,10308.600000,41158.000000,4.449343,272.448961
308,4644360,4653345,4653736,0.300000,0.000663,1377,-26.650480,10318.200000,41253.100000,3.571020,289.099462
309,4653736,4662840,4663331,0.500000,0.000538,4956,-21.548768,10327.600000,41347.400000,4.299100,436.116838
310,4663331,4673994,4674391,0.400000,0.000534,6766,-21.423460,10338.800000,41459.100000,-0.000055,286.810165
311,4674391,4683349,4683814,0.400000,0.000610,2266,-24.635723,10348.200000,41552.200000,3.453468,361.963149
312,4683814,4693109,4693645,0.600000,0.000633,1981,-25.667858,10357.900000,41649.600000,3.256605,308.008410
313,4693645,4702350,4702877,0.500000,0.000546,4554,-22.097967,10367.200000,41742.100000,5.255956,269.509231
314,4702877,4711344,4711743,0.400000,0.000546,4010,-22.145146,10376.200000,41831.800000,4.179079,324.066796
315,4711743,4721318,4721708,0.400000,0.000620,2461,-25.298936,10386.100000,41931.500000,4.926543,324.066038
316,4721708,4731325,4731756,0.500000,0.000649,1963,-26.590119,10396.100000,42031.200000,0.078688,233.544776
317,4731756,4740802,4741244,0.500000,0.000713,1092,-29.342812,10405.600000,42125.700000,3.569075,308.155891
318,4741244,4750391,4750851,0.500000,0.000611,2374,-25.093548,10415.200000,42221.400000,3.297729,292.887461
319,4750851,4760002,4760381,0.400000,0.000623,1709,-25.653877,10424.800000,42317.200000,3.925800,238.744443
320,4760381,4769515,4770046,0.600000,0.000583,3327,-24.041271,10434.300000,42412.400000,3.427165,282.554575
321,4770046,4778902,4779305,0.400000,0.000532,5160,-21.934963,10443.700000,42505.900000,3.925620,327.930464
322,4779305,4788898,4789375,0.500000,0.000624,2348,-25.867815,10453.700000,42605.700000,1.736609,287.810379
323,4789375,4798359,4798804,0.400000,0.000604,2127,-25.074536,10463.200000,42700.400000,5.429251,279.351429
324,4798804,4807950,4808396,0.400000,0.000517,6703,-21.418564,10472.800000,42796.000000,3.760472,206.504456
325,4808396,4817346,4817944,0.600000,0.000653,2018,-27.283164,10482.200000,42890.000000,2.844226,263.460683
326,4817944,4827140,4827649,0.600000,0.000650,1816,-27.238695,10491.900000,42987.700000,3.516341,378.424545
327,4827649,4837019,4837343,0.400000,0.000704,1477,-29.633046,10501.800000,43086.100000,-0.000910,262.103369
328,4837343,4845919,4846348,0.500000,0.000537,5302,-22.477349,10510.700000,43174.700000,3.153352,322.335824
329,4846348,4855323,4855922,0.600000,0.000540,4853,-22.650976,10520.100000,43268.800000,4.646210,333.866927
330,4855922,4865491,4865969,0.500000,0.000706,1290,-29.888570,10530.300000,43370.200000,0.034125,226.612563
331,4865969,4875345,4875749,0.400000,0.000710,1232,-30.141136,10540.200000,43468.700000,0.455742,282.524020
332,4875749,4884659,4885048,0.400000,0.000686,1085,-29.167176,10549.500000,43561.700000,4.069744,347.539915
333,4885048,4894492,4895005,0.500000,0.000720,1150,-30.713583,10559.300000,43660.000000,0.171976,302.530004
334,4895005,4903909,4904547,0.700000,0.000556,4809,-23.627350,10568.700000,43753.700000,2.312580,291.261927
335,4904547,4913805,4914232,0.400000,0.000655,1672,-28.019367,10578.600000,43852.700000,3.356741,188.581200
336,4914232,4924492,4925029,0.500000,0.000545,6610,-23.236904,10589.300000,43959.100000,0.119894,234.266394
337,4925029,4933976,4934416,0.400000,0.000606,2633,-26.005463,10598.800000,44053.600000,4.972359,326.220830
338,4934416,4943639,4944053,0.500000,0.000648,1563,-27.888681,10608.400000,44150.100000,3.406884,222.767690
339,4944053,4952995,4953525,0.500000,0.000639,1745,-27.548592,10617.800000,44243.500000,4.392413,317.986737
340,4953525,4962458,4962812,0.300000,0.000574,3670,-24.748162,10627.300000,44337.800000,2.739885,267.155920
341,4962812,4971703,4972244,0.600000,0.000546,4264,-23.546640,10636.500000,44430.200000,3.883679,189.555712
342,4972244,4980944,4981409,0.400000,0.000522,5565,-22.546854,10645.800000,44522.500000,3.294675,339.326394
343,4981409,4991066,4991494,0.400000,0.000630,2462,-27.398457,10655.900000,44623.400000,2.277149,213.869406
344,4991494,5000891,5001345,0.500000,0.000581,3711,-25.271465,10665.700000,44721.800000,4.344024,308.856406
345,5001345,5010613,5011073,0.500000,0.000545,5137,-23.741732,10675.400000,44818.600000,4.424702,218.960262
346,5011073,5020017,5020281,0.300000,0.000590,2881,-25.799065,10684.800000,44912.700000,3.177637,267.860025
347,5020281,5029197,5029595,0.400000,0.000552,4737,-24.138582,10694.000000,45004.100000,4.213131,205.278186
348,5029595,5038686,5039055,0.400000,0.000596,2921,-26.177722,10703.500000,45098.700000,3.867654,284.385355
349,5039055,5049352,5049597,0.200000,0.000677,1836,-29.877794,10714.200000,45205.200000,0.728276,332.461922
350,5049597,5059038,5059273,0.300000,0.000677,1274,-29.949171,10723.800000,45301.900000,3.151137,351.681788
351,5059273,5068814,5069102,0.300000,0.000594,3174,-26.271692,10733.600000,45399.400000,3.888569,286.365714
352,5069102,5078107,5078474,0.400000,0.000632,2105,-28.028933,10742.900000,45492.100000,3.481826,423.603206
353,5078474,5088447,5088882,0.400000,0.000675,1704,-30.049136,10753.300000,45595.300000,0.093217,272.964210
354,5088882,5098465,5098799,0.300000,0.000701,1291,-31.314956,10763.300000,45695.500000,0.043795,357.465695
355,5098799,5108345,5108685,0.300000,0.000543,5385,-24.171237,10773.200000,45794.200000,3.626693,288.652909
356,5108685,5117827,5118121,0.300000,0.000530,6125,-23.608038,10782.600000,45888.500000,3.953602,320.811240
357,5118121,5126767,5127303,0.500000,0.000538,5042,-24.018063,10791.600000,45977.700000,3.871076,235.941172
358,5127303,5136660,5137105,0.400000,0.000634,1881,-28.529972,10801.500000,46076.700000,3.727391,236.962428
359,5137105,5145336,5145728,0.400000,0.000540,4570,-24.233516,10810.100000,46163.300000,4.170220,339.777474
360,5145728,5154669,5155242,0.600000,0.000556,4752,-25.014884,10819.500000,46256.400000,3.195566,230.008506
361,5155242,5164804,5165165,0.400000,0.000574,4111,-25.925561,10829.600000,46357.200000,1.472227,250.997761
362,5165165,5174882,5175269,0.400000,0.000672,1543,-30.517525,10839.700000,46457.900000,1.700823,273.284245
363,5175269,5184703,5185365,0.700000,0.000547,5803,-24.772112,10849.500000,46555.900000,2.115966,373.720827
364,5185365,5194655,5195094,0.400000,0.000666,1600,-30.377414,10859.500000,46655.400000,1.502430,336.682473
365,5195094,5204622,5205068,0.500000,0.000586,4056,-26.706739,10869.400000,46754.900000,0.039618,215.349228
366,5205068,5214333,5215015,0.700000,0.000580,3928,-26.475619,10879.100000,46851.800000,3.098078,390.476042
367,5215015,5224458,5224906,0.400000,0.000590,4128,-27.021285,10889.300000,46952.600000,0.172152,335.336464
368,5224906,5234146,5234622,0.400000,0.000621,2077,-28.535529,10899.000000,47049.500000,2.830235,326.194006
369,5234622,5243899,5244282,0.400000,0.000564,4597,-25.897900,10908.700000,47146.800000,3.806151,287.501222
370,5244282,5253534,5253840,0.300000,0.000646,1689,-29.828530,10918.300000,47242.900000,5.069575,321.046453
371,5253840,5262329,5262910,0.600000,0.000631,2012,-29.140367,10927.100000,47330.700000,2.675126,212.808460
372,5262910,5271817,5272381,0.600000,0.000591,3129,-27.338062,10936.600000,47425.300000,3.222633,316.217378
373,5272381,5282004,5282348,0.400000,0.000708,1292,-32.939352,10946.800000,47526.900000,0.017977,333.486358
374,5282348,5291069,5291521,0.400000,0.000610,2539,-28.344414,10955.900000,47617.500000,3.641319,300.643382
375,5291521,5300808,5301244,0.500000,0.000674,1646,-31.432220,10965.600000,47714.900000,3.671060,349.787833
376,5301244,5310169,5310610,0.400000,0.000675,1528,-31.548603,10975.000000,47808.200000,3.093092,285.730919
377,5310610,5320005,5320510,0.500000,0.000720,1066,-33.778907,10984.800000,47906.500000,2.854979,393.529229
378,5320510,5330049,5330515,0.400000,0.000698,1436,-32.820888,10994.900000,48006.600000,0.817914,411.354522
379,5330515,5340125,5340557,0.500000,0.000633,2606,-29.734717,11004.900000,48107.500000,-0.000087,317.409775
380,5340557,5350115,5350254,0.200000,0.000633,2529,-29.817620,11014.900000,48206.700000,3.505385,382.452605
381,5350254,5359317,5359753,0.500000,0.000568,4967,-26.721741,11024.100000,48299.000000,0.001656,276.325001
382,5359753,5368759,5369250,0.500000,0.000597,3414,-28.167552,11033.600000,48393.000000,2.863523,253.068853
383,5369250,5378498,5378986,0.500000,0.000687,1970,-32.607519,11043.300000,48490.300000,0.094099,255.290144
384,5378986,5388204,5388777,0.600000,0.000649,2222,-30.826182,11053.000000,48587.100000,0.390295,202.269598
385,5388777,5397947,5398238,0.200000,0.000554,5412,-26.269489,11062.800000,48684.500000,1.129307,214.583406
386,5398238,5407673,5408022,0.300000,0.000566,4831,-26.891349,11072.500000,48781.700000,4.204335,336.066227
387,5408022,5416531,5417091,0.600000,0.000584,3612,-27.828558,11081.300000,48870.000000,7.246621,210.426286
388,5417091,5425830,5426265,0.500000,0.000613,2413,-29.315173,11090.600000,48962.700000,4.477647,264.932561
389,5426265,5435478,5435999,0.500000,0.000672,1820,-32.255130,11100.300000,49059.100000,2.777538,236.460038
390,5435999,5444489,5444941,0.400000,0.000594,2962,-28.516745,11109.300000,49149.200000,3.162973,316.024647
391,5444941,5452977,5453421,0.400000,0.000583,3210,-28.010624,11117.800000,49233.900000,2.627910,281.717017
392,5453421,5462179,5462559,0.400000,0.000561,4738,-26.984551,11127.000000,49325.700000,3.561440,290.978482
393,5462559,5472054,5472593,0.500000,0.000693,1599,-33.562671,11136.900000,49424.100000,-0.000417,278.881885
394,5472593,5481647,5481975,0.300000,0.000634,2499,-30.674644,11146.500000,49520.000000,1.703764,238.574807
395,5481975,5491099,5491687,0.600000,0.000684,1829,-33.210516,11155.900000,49614.200000,6.213219,224.950178
396,5491687,5500344,5500687,0.300000,0.000614,2054,-29.833098,11165.200000,49706.700000,3.830482,281.490661
397,5500687,5509667,5510157,0.500000,0.000565,5164,-27.420690,11174.500000,49799.800000,0.408143,283.726365
398,5510157,5519363,5519839,0.400000,0.000685,1595,-33.462270,11184.200000,49896.400000,3.408009,345.883311
399,5519839,5529182,5529687,0.500000,0.000702,1378,-34.361771,11194.000000,49994.500000,0.110539,255.150032
400,5529687,5538812,5539290,0.500000,0.000652,2362,-31.929254,11203.600000,50090.700000,3.397262,413.712582
401,5539290,5548547,5549166,0.600000,0.000675,1911,-33.170182,11213.400000,50187.700000,0.841626,218.896666
402,5549166,5557626,5558266,0.700000,0.000574,3850,-28.153397,11222.400000,50278.400000,4.733349,238.276873
403,5558266,5567154,5567538,0.300000,0.000586,3948,-28.842381,11232.000000,50373.500000,2.828381,343.843055
404,5567538,5576669,5577002,0.300000,0.000622,2544,-30.671190,11241.500000,50468.400000,3.053716,284.259011
405,5577002,5585824,5586254,0.500000,0.000638,2209,-31.531882,11250.600000,50559.900000,1.753528,293.176189
406,5586254,5595346,5595935,0.500000,0.000737,1086,-36.600033,11260.200000,50655.000000,2.850039,394.437093
407,5595935,5605326,5605762,0.500000,0.000678,2001,-33.703118,11270.100000,50754.400000,1.712075,302.059840
408,5605762,5614981,5615463,0.500000,0.000614,3374,-30.519508,11279.800000,50850.600000,3.289569,303.343567
409,5615463,5624732,5625218,0.500000,0.000677,1718,-33.764520,11289.500000,50948.000000,0.062213,239.364611
410,5625218,5634515,5634876,0.400000,0.000562,5769,-27.994699,11299.300000,51045.900000,2.814478,278.050156
411,5634876,5644546,5645045,0.500000,0.000639,2894,-31.960562,11309.400000,51145.100000,-0.000989,410.275063
412,5645045,5654331,5654742,0.500000,0.000771,958,-38.799743,11319.100000,51243.000000,0.079409,412.901249
413,5654742,5664111,5664326,0.200000,0.000634,2729,-31.841203,11328.900000,51340.700000,0.037135,230.059983
414,5664326,5674021,5674339,0.300000,0.000605,3902,-30.390927,11338.800000,51439.400000,0.105538,375.682323
415,5674339,5683850,5684249,0.400000,0.000651,2496,-32.823438,11348.700000,51537.700000,0.153784,265.276096
416,5684249,5692954,5693468,0.500000,0.000658,1869,-33.242672,11357.800000,51628.300000,2.922901,229.444178
417,5693468,5702815,5703017,0.200000,0.000669,2183,-33.894242,11367.600000,51726.800000,0.391502,218.889671
418,5703017,5712642,5713099,0.400000,0.000574,5213,-29.051703,11377.500000,51825.000000,3.501840,259.387819
