Event,StartRow,FailRow,EndRow,SlipDuration,Stiffness,NptsStiffness,StiffnessIntercept,FailTime,FailDisplacement,50_Mean_Velocity,Peak_Velocity
0,1223193,1226360,1228897,2.530000,0.000033,3167,0.312943,4065.740000,11630.300000,7.639012,19.348091
1,1228897,1231567,1233796,2.230000,0.000059,2670,0.013396,4070.940000,11682.400000,6.835310,13.996382
2,1233796,1236738,1239438,2.700000,0.000059,2764,0.002526,4076.110000,11733.800000,7.305340,23.764603
3,1239438,1242184,1244349,2.160000,0.000076,2509,-0.195672,4081.560000,11788.200000,7.599067,18.709409
4,1244349,1247329,1249396,2.070000,0.000083,2682,-0.290302,4086.700000,11839.500000,8.246847,18.125624
5,1249396,1252492,1254750,2.260000,0.000066,3096,-0.092079,4091.870000,11891.100000,7.368183,13.568262
6,1254750,1257299,1260146,2.850000,0.000070,2541,-0.138115,4096.670000,11939.000000,7.554262,17.652188
7,1260146,1263145,1264880,1.740000,0.000059,2999,-0.014844,4102.520000,11997.300000,7.486277,15.483269
8,1264880,1267340,1269749,2.400000,0.000074,2460,-0.188307,4106.720000,12039.300000,7.318211,14.952661
9,1269749,1272786,1274873,2.090000,0.000059,3033,-0.020488,4112.160000,12093.700000,7.962500,20.743166
10,1274873,1277626,1280834,3.210000,0.000053,2750,0.054752,4117.000000,12141.900000,7.453480,18.216265
11,1280834,1283377,1286264,2.890000,0.000036,2543,0.255612,4122.750000,12199.300000,8.143358,19.426212
12,1286264,1289153,1291739,2.580000,0.000033,2889,0.296842,4128.530000,12256.800000,7.793755,14.004155
13,1291739,1294535,1296822,2.290000,0.000064,2682,-0.087264,4133.910000,12310.500000,7.398280,16.546444
14,1296822,1299932,1302124,2.190000,0.000077,2849,-0.251643,4139.310000,12364.400000,7.271310,13.273375
15,1302124,1305317,1306982,1.670000,0.000076,3048,-0.251115,4144.690000,12418.100000,7.829118,20.177904
16,1306982,1310214,1312584,2.370000,0.000053,2879,0.041600,4149.590000,12467.000000,7.946576,13.563452
17,1312584,1315477,1317268,1.790000,0.000086,2096,-0.381508,4154.850000,12519.700000,6.704088,14.326537
18,1317268,1319441,1321750,2.310000,0.000071,2034,-0.197052,4158.820000,12559.200000,7.203011,13.868452
19,1321750,1324882,1327189,2.300000,0.000043,2667,0.155545,4164.260000,12613.500000,8.540291,28.565689
20,1327189,1329831,1332235,2.400000,0.000049,2642,0.078930,4169.210000,12662.800000,8.086318,14.684289
21,1332235,1334850,1336690,1.840000,0.000053,2615,0.018556,4174.230000,12713.000000,8.292030,15.701658
22,1336690,1340908,1342343,1.440000,0.000037,3268,0.227577,4180.280000,12773.600000,8.409750,13.672442
23,1342343,1344859,1347090,2.240000,0.000064,2433,-0.120153,4184.230000,12812.900000,7.743442,13.171459
24,1347090,1349111,1351508,2.390000,0.000060,2021,-0.076740,4188.490000,12855.400000,7.217351,12.881396
25,1351508,1354000,1356242,2.240000,0.000077,2492,-0.304132,4193.380000,12904.200000,7.819553,14.033262
26,1356242,1358636,1361033,2.400000,0.000090,1956,-0.467074,4198.010000,12950.500000,7.882327,13.270125
27,1361033,1363640,1366050,2.410000,0.000094,2448,-0.526459,4203.020000,13000.400000,7.236435,14.461506
28,1366050,1368827,1370997,2.170000,0.000118,2626,-0.838112,4208.200000,13052.200000,7.070936,14.075693
29,1370997,1373522,1376235,2.710000,0.000093,2525,-0.517041,4212.900000,13099.100000,7.680222,13.604012
30,1376235,1378784,1381099,2.310000,0.000085,2430,-0.419201,4218.160000,13151.600000,7.060100,14.448887
31,1381099,1383444,1386084,2.640000,0.000094,2333,-0.542549,4222.820000,13198.000000,6.710209,13.303932
32,1386084,1388593,1390695,2.100000,0.000110,1933,-0.757681,4227.970000,13249.500000,7.603425,13.701868
33,1390695,1393828,1395774,1.950000,0.000093,3130,-0.541362,4233.200000,13301.800000,6.728093,14.775182
34,1395774,1398732,1400793,2.060000,0.000119,2813,-0.898990,4238.110000,13350.700000,7.250894,16.656301
35,1400793,1403545,1405924,2.380000,0.000125,2500,-0.972981,4242.920000,13398.700000,7.043201,17.869528
36,1405924,1408614,1411191,2.580000,0.000127,2690,-1.015591,4247.990000,13449.300000,6.297379,14.961496
37,1411191,1414085,1416309,2.220000,0.000140,2894,-1.199771,4253.460000,13503.800000,7.268263,15.178100
38,1416309,1419319,1421387,2.070000,0.000151,3010,-1.346787,4258.690000,13556.200000,6.264186,15.621334
39,1421387,1424251,1426691,2.440000,0.000196,2639,-1.972049,4263.630000,13605.300000,6.172358,17.260696
40,1426691,1429986,1431702,1.720000,0.000197,3097,-1.991865,4269.360000,13662.500000,6.014898,16.783131
41,1431702,1434884,1436886,2.000000,0.000247,3115,-2.692673,4274.260000,13711.300000,6.650126,18.531315
42,1436886,1440314,1442063,1.750000,0.000271,3270,-3.032003,4279.690000,13765.500000,4.981341,17.194665
43,1442063,1445669,1447399,1.730000,0.000262,3333,-2.924414,4285.040000,13819.000000,5.583752,20.071685
44,1447399,1450961,1452798,1.830000,0.000276,3358,-3.136202,4290.340000,13871.800000,6.064273,19.439227
45,1507244,1549008,1550093,1.090000,0.000000,0,0.000000,4388.380000,14084.700000,0.014796,401.529752
46,1550093,1554269,1555578,1.310000,0.000433,3582,-5.415525,4393.640000,14137.300000,5.999351,57.859440
47,1555578,1560222,1561207,0.980000,0.000467,3529,-5.925927,4399.600000,14196.600000,4.941453,81.857698
48,1561207,1566149,1567287,1.140000,0.000482,3925,-6.172152,4405.520000,14255.600000,5.410959,60.913855
49,1567287,1571676,1573093,1.420000,0.000443,3664,-5.636496,4411.050000,14310.800000,5.218600,46.658192
50,1573093,1577011,1578402,1.390000,0.000402,3280,-5.070671,4416.390000,14363.700000,5.359828,29.104832
51,1578402,1582363,1583825,1.460000,0.000413,3533,-5.250927,4421.740000,14417.000000,4.065405,35.142359
52,1583825,1587777,1589219,1.440000,0.000415,3506,-5.301623,4427.150000,14471.000000,5.712799,35.516423
53,1589219,1593198,1594686,1.490000,0.000397,3517,-5.067442,4432.570000,14525.200000,6.099110,28.167001
54,1594686,1598580,1599985,1.400000,0.000388,3500,-4.959616,4437.960000,14579.100000,4.872089,26.705857
55,1599985,1603730,1605253,1.520000,0.000346,3562,-4.366122,4443.110000,14630.300000,4.731603,36.434640
56,1605253,1609400,1610691,1.290000,0.000412,3567,-5.356766,4448.780000,14686.700000,5.546224,37.803864
57,1610691,1614928,1616508,1.580000,0.000426,3103,-5.575171,4454.300000,14741.900000,4.952025,31.676045
58,1616508,1620483,1621787,1.300000,0.000400,3258,-5.213108,4459.860000,14797.500000,4.690319,45.981393
59,1621787,1625942,1627489,1.540000,0.000407,3824,-5.347473,4465.320000,14851.900000,3.985516,38.610378
60,1627489,1631470,1632784,1.310000,0.000412,3405,-5.439735,4470.850000,14907.000000,4.796322,32.165315
61,1632784,1636990,1638326,1.330000,0.000413,3626,-5.475704,4476.370000,14962.000000,4.772283,25.866077
62,1638326,1642290,1643680,1.390000,0.000402,3549,-5.330778,4481.670000,15015.000000,3.870974,42.403166
63,1643680,1647656,1649123,1.470000,0.000414,3677,-5.544108,4487.030000,15068.900000,3.816369,37.085811
64,1649123,1653382,1654699,1.310000,0.000443,3559,-5.996462,4492.760000,15125.800000,4.661809,39.439909
65,1654699,1658965,1660313,1.350000,0.000407,3829,-5.479510,4498.340000,15181.600000,3.358101,33.104261
66,1660313,1664416,1665769,1.350000,0.000395,3766,-5.320706,4503.790000,15235.900000,5.098617,42.569879
67,1665769,1669990,1671449,1.450000,0.000419,3796,-5.703006,4509.370000,15291.500000,5.188251,35.292298
68,1671449,1675559,1677127,1.570000,0.000397,3383,-5.400000,4514.930000,15347.300000,3.546301,40.063704
69,1677127,1681228,1682574,1.350000,0.000410,3340,-5.620827,4520.600000,15403.800000,4.875664,35.589754
70,1682574,1686865,1688337,1.470000,0.000414,3658,-5.692246,4526.240000,15460.000000,4.546721,32.453422
71,1688337,1692547,1693937,1.390000,0.000423,3252,-5.858957,4531.920000,15516.800000,5.522542,27.563020
72,1693937,1698070,1699511,1.440000,0.000404,3478,-5.585967,4537.450000,15571.900000,5.914997,38.824013
73,1699511,1703836,1705212,1.380000,0.000412,3745,-5.741493,4543.210000,15629.400000,5.207140,40.405630
74,1705212,1709484,1710914,1.430000,0.000426,3662,-5.974308,4548.860000,15685.600000,4.202286,35.860881
75,1710914,1715005,1716521,1.520000,0.000411,3695,-5.772269,4554.380000,15741.000000,4.774833,40.768365
76,1716521,1721079,1722420,1.350000,0.000421,3846,-5.943923,4560.450000,15801.500000,3.960035,42.122119
77,1722420,1726818,1728125,1.310000,0.000424,3704,-6.026397,4566.190000,15858.500000,4.610220,46.623175
78,1728125,1732590,1733819,1.220000,0.000439,3621,-6.288283,4571.970000,15916.200000,4.284564,46.968901
79,1733819,1738470,1739887,1.410000,0.000451,4043,-6.501115,4577.850000,15975.000000,5.227815,40.937539
80,1739887,1744633,1745772,1.140000,0.000411,3983,-5.889431,4584.010000,16036.400000,4.225473,50.397194
81,1745772,1750537,1751835,1.300000,0.000444,3952,-6.450836,4589.910000,16095.300000,4.492789,47.726142
82,1751835,1756383,1757509,1.120000,0.000450,3672,-6.560985,4595.760000,16153.800000,4.391299,62.296994
83,1757509,1762440,1763829,1.380000,0.000437,4336,-6.381982,4601.820000,16214.100000,5.200901,56.261083
84,1763829,1768588,1769688,1.100000,0.000451,3601,-6.638451,4607.960000,16275.400000,4.146897,69.601799
85,1769688,1774881,1776039,1.150000,0.000454,4428,-6.709132,4614.260000,16338.100000,3.990849,71.693336
86,1776039,1780941,1781928,0.980000,0.000468,3662,-6.963824,4620.320000,16398.600000,3.864679,86.328258
87,1781928,1787155,1788412,1.260000,0.000480,4241,-7.192003,4626.530000,16460.700000,5.467952,75.475163
88,1788412,1793160,1794387,1.220000,0.000481,3735,-7.237690,4632.540000,16520.600000,4.624606,58.501673
89,1794387,1799295,1800486,1.190000,0.000457,4174,-6.878755,4638.670000,16581.900000,4.895036,62.791675
90,1800486,1805445,1806687,1.240000,0.000469,3571,-7.108090,4644.820000,16643.300000,4.043738,90.032513
91,1806687,1811991,1813230,1.240000,0.000450,4414,-6.820736,4651.370000,16708.500000,3.901129,58.035924
92,1813230,1818091,1819319,1.220000,0.000466,3964,-7.118161,4657.470000,16769.300000,4.701772,98.027724
93,1819319,1824380,1825477,1.090000,0.000503,3981,-7.755799,4663.760000,16832.200000,4.073926,90.848437
94,1825477,1830666,1831806,1.140000,0.000473,4175,-7.281361,4670.040000,16895.000000,3.590460,102.795430
95,1831806,1837096,1838275,1.180000,0.000476,4333,-7.371524,4676.470000,16959.200000,3.821413,65.880292
96,1838275,1843404,1844427,1.020000,0.000482,3999,-7.500172,4682.780000,17022.100000,4.473749,93.008563
97,1844427,1849598,1850585,0.990000,0.000480,4277,-7.502743,4688.970000,17083.900000,3.657620,100.253852
98,1850585,1855816,1856769,0.950000,0.000486,4376,-7.630541,4695.190000,17145.900000,3.467056,113.180899
99,1856769,1862289,1863276,0.990000,0.000475,4934,-7.468900,4701.660000,17210.500000,3.544755,137.666355
100,1863276,1869060,1869852,0.790000,0.000497,4670,-7.880353,4708.440000,17278.000000,4.805629,171.421717
101,1869852,1875810,1876685,0.870000,0.000505,4773,-8.056658,4715.190000,17345.700000,4.261798,113.006325
102,1876685,1882114,1883038,0.920000,0.000491,4315,-7.838124,4721.490000,17408.400000,3.726182,166.120000
103,1883038,1888993,1889757,0.760000,0.000500,4745,-8.038261,4728.370000,17476.900000,4.075373,218.008504
104,1889757,1895907,1896927,1.020000,0.000499,5078,-8.049305,4735.280000,17546.100000,4.248714,142.815995
105,1896927,1902538,1903502,0.970000,0.000525,3848,-8.541222,4741.910000,17612.200000,4.071218,184.804824
106,1903502,1909508,1910465,0.960000,0.000500,4734,-8.133005,4748.880000,17681.900000,3.230458,145.562021
107,1910465,1915905,1916813,0.910000,0.000512,4280,-8.383041,4755.280000,17745.800000,4.134673,227.901825
108,1916813,1923143,1923720,0.580000,0.000519,4826,-8.541908,4762.520000,17818.000000,4.122764,188.263850
109,1923720,1929581,1930404,0.820000,0.000513,4628,-8.473716,4768.960000,17882.000000,3.050503,243.153392
110,1930404,1936611,1937494,0.880000,0.000504,5300,-8.333634,4775.990000,17952.300000,3.097500,206.908715
111,1937494,1943336,1944282,0.950000,0.000518,4814,-8.632774,4782.710000,18019.400000,3.539373,292.922551
112,1944282,1950651,1951455,0.800000,0.000527,5189,-8.831330,4790.030000,18091.300000,3.085740,372.155226
113,1951455,1958107,1958927,0.820000,0.000525,5053,-8.827400,4797.480000,18164.900000,3.615032,327.281047
114,1958927,1965358,1966208,0.850000,0.000525,5133,-8.866469,4804.730000,18236.800000,2.503289,279.544507
115,1966208,1972282,1973172,0.890000,0.000511,4745,-8.652510,4811.660000,18305.400000,3.687855,225.699265
116,1973172,1979472,1980183,0.710000,0.000537,4645,-9.150539,4818.850000,18375.300000,3.966202,245.726459
117,1980183,1986585,1987358,0.770000,0.000524,5257,-8.955951,4825.960000,18444.400000,2.834353,222.764988
118,1987358,1993400,1994216,0.810000,0.000525,4564,-9.017927,4832.780000,18511.900000,2.870942,227.713492
119,1994216,2000320,2001162,0.840000,0.000515,5305,-8.864589,4839.700000,18579.300000,3.470442,267.609581
120,2001162,2007561,2008279,0.710000,0.000535,4658,-9.269000,4846.940000,18650.200000,2.944795,259.302516
121,2008279,2014657,2015759,1.100000,0.000520,5062,-9.021275,4854.030000,18719.700000,3.152005,152.623689
122,2015759,2021501,2022176,0.670000,0.000499,4397,-8.674572,4860.880000,18786.800000,4.868877,255.810552
123,2022176,2028374,2029222,0.850000,0.000530,4896,-9.282428,4867.750000,18855.200000,3.198161,227.739362
124,2029222,2035224,2036061,0.840000,0.000522,4581,-9.176562,4874.600000,18922.900000,3.448307,156.119167
125,2036061,2041908,2042721,0.820000,0.000504,4332,-8.868770,4881.280000,18989.600000,5.337828,294.385641
126,2042721,2049042,2049750,0.710000,0.000542,4473,-9.617122,4888.420000,19060.800000,3.025668,329.742152
127,2049750,2056035,2056713,0.680000,0.000539,4916,-9.592897,4895.410000,19130.700000,2.565587,399.382809
128,2056713,2063441,2064026,0.580000,0.000544,5192,-9.728261,4902.820000,19204.600000,2.813361,518.590696
129,2064026,2071003,2071738,0.730000,0.000535,5513,-9.605881,4910.380000,19280.100000,3.226719,314.835343
130,2071738,2078129,2078910,0.790000,0.000515,5017,-9.259947,4917.500000,19351.200000,3.656418,191.572084
131,2078910,2084611,2085253,0.640000,0.000497,4765,-8.940377,4923.990000,19415.900000,4.910757,403.018298
132,2085253,2092176,2092807,0.630000,0.000540,5182,-9.810417,4931.550000,19490.000000,4.060396,404.630304
133,2092807,2099499,2100200,0.710000,0.000532,5264,-9.703873,4938.870000,19563.100000,2.493483,252.294792
134,2100200,2106359,2106986,0.630000,0.000506,5065,-9.233860,4945.730000,19631.500000,3.347615,315.975064
135,2106986,2113013,2114035,1.020000,0.000523,5078,-9.597665,4952.390000,19698.000000,3.674240,253.325093
136,2114035,2120300,2120946,0.640000,0.000519,5344,-9.556929,4959.680000,19770.500000,3.987156,419.840107
137,2120946,2127780,2128477,0.690000,0.000540,5023,-10.003214,4967.160000,19845.100000,3.820067,372.896474
138,2128477,2135041,2135756,0.710000,0.000529,5099,-9.821989,4974.420000,19917.600000,3.048736,312.379537
139,2135756,2142052,2142731,0.680000,0.000525,5008,-9.785154,4981.430000,19987.500000,4.300388,296.561119
140,2142731,2149153,2149979,0.820000,0.000527,4993,-9.853150,4988.530000,20058.700000,3.660235,313.641289
141,2149979,2156317,2157217,0.900000,0.000530,5031,-9.961055,4995.690000,20130.300000,3.077381,188.322845
142,2157217,2163383,2164016,0.630000,0.000497,4803,-9.341733,5002.760000,20200.700000,5.387450,407.076558
143,2164016,2170949,2171726,0.780000,0.000556,4856,-10.566436,5010.320000,20276.100000,3.416345,303.255263
144,2171726,2178255,2178886,0.630000,0.000537,4942,-10.227088,5017.630000,20349.200000,3.340679,329.673541
145,2178886,2185379,2186054,0.680000,0.000540,5149,-10.312960,5024.750000,20420.200000,4.246449,321.699046
146,2186054,2192240,2192974,0.730000,0.000532,5022,-10.191944,5031.620000,20488.800000,2.887049,244.872750
147,2192974,2199054,2199694,0.640000,0.000528,4929,-10.144990,5038.430000,20556.700000,4.306098,379.470098
148,2199694,2206337,2206822,0.490000,0.000542,5262,-10.480739,5045.710000,20629.200000,6.310771,434.494919
149,2206822,2213473,2214180,0.710000,0.000565,4706,-10.978013,5052.850000,20700.500000,4.214694,335.578732
150,2214180,2220425,2221083,0.660000,0.000532,5197,-10.337862,5059.800000,20769.900000,2.539928,380.363150
151,2221083,2227571,2228176,0.600000,0.000536,5384,-10.453762,5066.950000,20841.300000,5.987860,421.577026
152,2228176,2234785,2235477,0.690000,0.000544,5325,-10.668804,5074.160000,20913.300000,3.792438,246.810778
153,2235477,2241644,2242251,0.610000,0.000530,4943,-10.409304,5081.020000,20981.700000,4.008000,435.335390
154,2242251,2249018,2249592,0.580000,0.000563,5057,-11.142018,5088.390000,21055.300000,2.617890,444.225783
155,2249592,2256531,2257206,0.670000,0.000545,5495,-10.801677,5095.910000,21130.200000,2.708107,321.332108
156,2257206,2263651,2264309,0.650000,0.000532,5036,-10.575971,5103.030000,21201.300000,4.214533,291.927295
157,2264309,2270712,2271493,0.780000,0.000536,4848,-10.700363,5110.090000,21271.900000,3.249988,477.000103
158,2271493,2278355,2279081,0.730000,0.000556,4969,-11.165560,5117.730000,21348.200000,3.984775,404.087445
159,2279081,2282094,2286472,4.380000,0.000524,3013,-10.512085,5121.470000,21386.100000,nan,352.533169
160,2286472,2292678,2293971,1.300000,0.001054,908,-21.911669,5132.050000,21491.200000,3.124592,451.725398
161,2293971,2300259,2301478,1.220000,0.000799,1686,-16.504026,5139.630000,21566.900000,3.346064,740.759717
162,2301478,2308201,2309377,1.170000,0.000785,2011,-16.274809,5147.580000,21646.000000,3.278539,628.732740
163,2309377,2315660,2316487,0.820000,0.000681,2804,-14.076955,5155.040000,21720.600000,3.750136,425.975405
164,2316487,2322919,2323990,1.080000,0.000531,5582,-10.862365,5162.290000,21792.900000,3.317666,330.173798
165,2323990,2330385,2331183,0.800000,0.000542,4877,-11.135548,5169.760000,21867.400000,3.264742,270.246570
166,2331183,2337422,2338497,1.070000,0.000531,5246,-10.944393,5176.800000,21937.600000,3.340970,332.258660
167,2448091,2582068,2582875,0.810000,0.000000,0,0.000000,5421.440000,22322.400000,0.283070,170.882026
168,2582875,2588910,2589440,0.530000,0.000567,4592,-11.979433,5428.290000,22390.300000,1.696045,582.243762
169,2589440,2595659,2596547,0.890000,0.000588,4843,-12.491871,5435.030000,22457.800000,4.377355,532.424855
170,2596547,2603028,2603673,0.650000,0.000578,4855,-12.323733,5442.400000,22531.200000,3.158758,265.989183
171,2603673,2609560,2610173,0.610000,0.000541,4977,-11.526043,5448.940000,22596.400000,8.418283,398.410672
172,2610173,2616578,2617154,0.580000,0.000566,5195,-12.111571,5455.950000,22666.700000,0.012861,403.951758
173,2617154,2623614,2624149,0.530000,0.000566,5107,-12.150837,5462.990000,22736.800000,0.620237,456.516142
174,2624149,2630412,2631021,0.610000,0.000571,5035,-12.309402,5469.790000,22804.600000,2.008385,403.548156
175,2631021,2637008,2637686,0.680000,0.000574,4991,-12.427970,5476.380000,22870.800000,7.981349,481.450185
176,2637686,2644204,2644614,0.410000,0.000543,4974,-11.747344,5483.580000,22942.000000,4.484660,586.215008
177,2644614,2651485,2651950,0.470000,0.000587,5030,-12.787862,5490.860000,23014.600000,8.285590,552.989120
178,2651950,2658618,2659035,0.420000,0.000574,5153,-12.550314,5497.990000,23086.100000,7.372352,587.353943
179,2659035,2665505,2666113,0.610000,0.000568,5118,-12.448142,5504.880000,23154.600000,4.513384,359.397551
180,2666113,2672211,2672662,0.450000,0.000579,4478,-12.742745,5511.590000,23221.700000,10.800257,546.893512
181,2672662,2679266,2679829,0.560000,0.000575,5176,-12.689414,5518.640000,23291.800000,1.038499,328.050571
182,2679829,2685644,2686230,0.590000,0.000549,4727,-12.115615,5525.020000,23355.800000,2.533133,391.392795
183,2686230,2692641,2693196,0.550000,0.000567,4992,-12.570865,5532.020000,23425.400000,1.617506,432.791263
184,2693196,2699786,2700354,0.570000,0.000577,4877,-12.849575,5539.160000,23496.600000,1.426815,396.092587
185,2700354,2706835,2707404,0.570000,0.000564,5118,-12.593226,5546.210000,23567.000000,6.039775,387.442392
186,2707404,2713871,2714397,0.520000,0.000556,4749,-12.429580,5553.250000,23637.200000,10.847767,483.289670
187,2714397,2720966,2721603,0.640000,0.000568,5185,-12.764667,5560.340000,23708.000000,1.083038,293.849195
188,2721603,2727513,2728306,0.790000,0.000552,4683,-12.404381,5566.890000,23773.900000,4.645017,275.033453
189,2728306,2734402,2735026,0.620000,0.000545,4576,-12.283099,5573.780000,23842.000000,12.743420,317.382488
190,2735026,2741277,2741815,0.540000,0.000550,4838,-12.447962,5580.650000,23911.000000,1.057512,365.642828
191,2741815,2748116,2748696,0.580000,0.000547,5149,-12.412886,5587.490000,23978.800000,1.887330,407.325094
192,2748696,2755006,2755689,0.680000,0.000581,4916,-13.250575,5594.380000,24047.600000,4.098304,368.988879
193,2755689,2761893,2762500,0.610000,0.000583,4568,-13.353163,5601.270000,24116.300000,3.304631,226.463300
194,2762500,2768439,2769136,0.700000,0.000547,4542,-12.513068,5607.810000,24181.600000,6.260499,360.384694
195,2769136,2775501,2776147,0.640000,0.000585,4619,-13.472861,5614.880000,24252.100000,-0.059454,326.800367
196,2776147,2782170,2782909,0.730000,0.000576,4576,-13.294270,5621.550000,24318.500000,10.578377,456.653445
197,2782909,2789501,2790150,0.650000,0.000581,4802,-13.454160,5628.880000,24391.900000,0.201482,331.888120
198,2790150,2796352,2797221,0.870000,0.000555,4650,-12.858086,5635.730000,24461.200000,4.161200,289.432184
199,2797221,2803341,2803933,0.590000,0.000587,4351,-13.679477,5642.720000,24530.100000,0.303882,343.405516
200,2803933,2810200,2810836,0.630000,0.000560,5153,-13.058065,5649.580000,24598.600000,3.429617,300.926570
201,2810836,2816997,2817571,0.580000,0.000569,4781,-13.319481,5656.370000,24666.200000,1.479756,382.012676
202,2817571,2823995,2824566,0.570000,0.000556,4819,-13.039086,5663.370000,24736.000000,5.714007,326.276263
203,2824566,2830971,2831559,0.580000,0.000544,5295,-12.789095,5670.350000,24805.600000,4.976314,394.244440
204,2831559,2837664,2838513,0.850000,0.000577,4630,-13.637173,5677.040000,24873.500000,2.654913,345.849612
205,2838513,2845053,2845631,0.580000,0.000572,4466,-13.550481,5684.430000,24946.300000,0.011080,343.352893
206,2845631,2851974,2852574,0.600000,0.000563,4997,-13.364303,5691.350000,25015.300000,6.319627,592.724939
207,2852574,2859458,2860225,0.770000,0.000584,5057,-13.948327,5698.830000,25089.900000,2.434126,403.326725
208,2860225,2866654,2867287,0.630000,0.000568,4934,-13.587000,5706.030000,25162.200000,0.587436,367.114150
209,2867287,2873855,2874476,0.620000,0.000585,4470,-14.049873,5713.230000,25233.600000,9.867768,326.565462
210,2874476,2880914,2881565,0.650000,0.000538,5229,-12.913335,5720.290000,25304.100000,0.524341,359.129326
211,2881565,2888160,2888694,0.530000,0.000564,5056,-13.611652,5727.540000,25376.200000,8.068711,501.393879
212,2888694,2895483,2895929,0.440000,0.000572,5029,-13.845040,5734.860000,25449.500000,8.859380,500.403660
213,2895929,2902797,2903294,0.500000,0.000569,5512,-13.815431,5742.170000,25522.300000,10.909147,421.632049
214,2903294,2909849,2910477,0.630000,0.000602,4642,-14.684264,5749.220000,25593.600000,6.673037,172.188628
215,2910477,2916305,2917021,0.720000,0.000530,4906,-12.892331,5755.680000,25657.600000,4.419573,228.744924
216,2917021,2922955,2923530,0.580000,0.000562,4546,-13.760171,5762.330000,25724.100000,6.412840,316.078250
217,2923530,2929799,2930333,0.540000,0.000590,4730,-14.496792,5769.170000,25792.100000,2.367170,443.557018
218,2930333,2936922,2937666,0.740000,0.000582,4944,-14.336817,5776.300000,25862.800000,4.543516,255.937494
219,2937666,2943858,2944568,0.710000,0.000570,4942,-14.061778,5783.230000,25932.300000,2.142802,452.516388
220,2944568,2951145,2951981,0.840000,0.000570,5112,-14.124357,5790.520000,26006.200000,0.692353,248.454021
221,2951981,2958083,2958739,0.650000,0.000565,4681,-14.023434,5797.460000,26074.100000,1.181036,364.159780
222,2958739,2965294,2965901,0.610000,0.000574,4691,-14.304925,5804.670000,26146.200000,1.768643,292.309476
223,2965901,2972187,2972789,0.600000,0.000569,4800,-14.201895,5811.560000,26214.600000,2.593089,376.526787
224,2972789,2979470,2980034,0.560000,0.000571,5256,-14.310593,5818.850000,26287.400000,6.627308,419.518181
225,2980034,2986558,2987144,0.590000,0.000612,4623,-15.408196,5825.930000,26358.400000,9.484532,230.599130
226,2987144,2993082,2993737,0.650000,0.000565,4507,-14.228978,5832.460000,26423.300000,2.082391,232.740999
227,2993737,2999495,3000137,0.640000,0.000563,4414,-14.209899,5838.870000,26487.500000,1.430010,310.231699
228,3000137,3006545,3007203,0.660000,0.000586,4833,-14.857853,5845.920000,26557.800000,1.386875,303.115217
229,3007203,3013670,3014372,0.700000,0.000575,5154,-14.595777,5853.050000,26629.300000,3.966846,515.399187
230,3014372,3021118,3022025,0.910000,0.000583,5268,-14.847118,5860.490000,26703.000000,5.108469,359.248929
231,3022025,3028438,3029147,0.710000,0.000567,4948,-14.469894,5867.810000,26776.600000,0.810771,265.207062
232,3029147,3035278,3036203,0.930000,0.000558,4923,-14.281721,5874.650000,26844.700000,7.544313,168.583182
233,3036203,3042405,3043236,0.830000,0.000546,5069,-13.994374,5881.780000,26915.600000,12.685298,279.670447
234,3043236,3049659,3050697,1.040000,0.000587,4221,-15.145422,5889.030000,26988.100000,0.384283,115.746438
235,3050697,3056334,3056975,0.640000,0.000553,4140,-14.265274,5895.710000,27054.500000,0.024784,329.168498
236,3056975,3063714,3064490,0.780000,0.000592,4629,-15.344438,5903.090000,27128.200000,5.593145,335.313015
237,3064490,3071102,3071937,0.830000,0.000600,4597,-15.608859,5910.480000,27201.500000,2.536202,246.028504
238,3071937,3078003,3078656,0.650000,0.000557,4669,-14.482709,5917.380000,27270.800000,12.373496,241.811888
239,3078656,3084803,3085501,0.700000,0.000576,4616,-15.041990,5924.180000,27338.700000,13.456188,150.146164
240,3085501,3091263,3091884,0.620000,0.000555,4550,-14.514940,5930.640000,27403.200000,0.121429,271.286439
241,3091884,3098198,3098706,0.510000,0.000573,4798,-15.027607,5937.570000,27472.800000,12.325270,243.596143
242,3098706,3104877,3105682,0.810000,0.000570,4742,-14.991929,5944.250000,27539.000000,2.356172,225.281762
243,3105682,3111621,3112179,0.550000,0.000571,4508,-15.053365,5951.000000,27606.500000,7.023197,404.690640
244,3112179,3118980,3119494,0.510000,0.000572,5116,-15.127680,5958.360000,27679.900000,7.354116,285.626289
245,3119494,3125645,3126391,0.750000,0.000567,4591,-15.030311,5965.020000,27746.900000,6.871937,222.076519
246,3126391,3132220,3132889,0.660000,0.000551,4796,-14.625743,5971.600000,27812.700000,2.040933,392.768758
247,3132889,3139446,3140209,0.760000,0.000565,5054,-15.057241,5978.820000,27884.300000,5.217897,503.125808
248,3140209,3146220,3147686,1.460000,0.000575,5226,-15.362398,5985.600000,27953.200000,3.701988,241.928344
249,3147686,3153516,3154133,0.620000,0.000569,3976,-15.251103,5992.890000,28025.600000,0.523053,493.582263
250,3154133,3160929,3161816,0.890000,0.000582,4931,-15.646912,6000.300000,28098.300000,0.838136,149.733173
251,3161816,3166843,3167561,0.720000,0.000546,3898,-14.675374,6006.220000,28157.800000,0.002371,483.847215
252,3167561,3174166,3174953,0.790000,0.000594,4867,-16.055107,6013.540000,28230.400000,5.248880,251.505898
253,3174953,3180646,3181513,0.870000,0.000561,4717,-15.167618,6020.020000,28295.600000,4.399743,348.163417
254,3181513,3187636,3188440,0.810000,0.000576,4397,-15.620638,6027.010000,28363.900000,3.491771,426.873375
255,3188440,3194636,3195166,0.530000,0.000575,4368,-15.634907,6034.010000,28434.900000,13.878799,327.110137
256,3195166,3201549,3202255,0.710000,0.000560,4818,-15.265831,6040.920000,28502.900000,7.508226,265.277547
257,3202255,3208282,3208820,0.540000,0.000554,4765,-15.107311,6047.660000,28570.100000,0.486543,265.608738
258,3208820,3214752,3215408,0.650000,0.000556,4684,-15.209445,6054.130000,28635.100000,3.164214,212.923547
259,3215408,3221369,3221981,0.620000,0.000572,4601,-15.716116,6060.740000,28700.900000,5.900954,349.104992
260,3221981,3227941,3228752,0.810000,0.000570,5297,-15.691748,6067.320000,28767.300000,2.258407,233.979377
261,3228752,3234700,3235385,0.680000,0.000547,4740,-15.063758,6074.080000,28833.700000,1.185271,382.440515
262,3235385,3241721,3242563,0.840000,0.000589,4788,-16.324442,6081.100000,28904.000000,0.154159,228.100866
263,3242563,3248496,3249084,0.590000,0.000542,5054,-14.990350,6087.870000,28972.400000,7.252918,458.535871
264,3249084,3255717,3256686,0.970000,0.000587,4898,-16.351745,6095.090000,29043.100000,3.844226,366.335664
265,3256686,3262960,3263686,0.720000,0.000569,4683,-15.871194,6102.340000,29115.400000,7.100854,330.134738
266,3263686,3269573,3270209,0.630000,0.000559,4945,-15.610836,6108.950000,29182.900000,7.601748,351.434716
267,3270209,3276437,3277035,0.600000,0.000560,4702,-15.661454,6115.810000,29250.300000,14.088960,448.330781
268,3277035,3283407,3284029,0.620000,0.000594,4378,-16.705662,6122.780000,29320.100000,2.493239,420.062507
269,3284029,3290356,3291274,0.920000,0.000586,4712,-16.514110,6129.730000,29389.400000,3.144069,286.469276
270,3291274,3297378,3298342,0.970000,0.000569,4589,-16.046591,6136.750000,29459.000000,4.833127,251.731262
271,3298342,3304378,3305322,0.950000,0.000577,4693,-16.325814,6143.750000,29529.400000,13.726824,570.443352
272,3305322,3312145,3313154,1.010000,0.000590,4794,-16.756399,6151.520000,29606.100000,3.953100,186.568025
273,3313154,3318727,3319732,1.010000,0.000563,3898,-16.001222,6158.100000,29671.600000,4.236446,481.366834
274,3319732,3326293,3327485,1.190000,0.000600,925,-17.141824,6165.670000,29747.300000,5.256015,120.900175
275,3327485,3333185,3334003,0.820000,0.000561,4105,-16.024334,6172.560000,29815.700000,4.350588,571.689401
276,3334003,3341023,3341829,0.800000,0.000589,5040,-16.906521,6180.400000,29893.300000,4.411531,309.670378
277,3341829,3347952,3348645,0.690000,0.000553,4799,-15.852486,6187.330000,29962.100000,3.542412,390.313274
278,3348645,3355267,3356177,0.910000,0.000589,4525,-16.984725,6194.640000,30035.100000,3.560074,105.458361
279,3356177,3361765,3362526,0.760000,0.000512,4427,-14.710911,6201.140000,30100.000000,4.300088,375.747424
280,3362526,3369230,3370319,1.080000,0.000554,5180,-16.007158,6208.610000,30174.300000,3.539639,95.258434
281,3370319,3375462,3376192,0.730000,0.000511,4267,-14.753532,6214.840000,30236.600000,5.082821,451.268266
282,3376192,3383290,3384142,0.850000,0.000572,5355,-16.639682,6222.670000,30314.600000,3.602004,183.261673
283,3384142,3390070,3390655,0.580000,0.000535,4708,-15.562345,6229.450000,30382.300000,5.154286,664.857456
284,3390655,3397862,3398522,0.660000,0.000588,5342,-17.206523,6237.240000,30459.900000,4.752938,205.964497
285,3398522,3404294,3404904,0.610000,0.000526,4866,-15.336247,6243.670000,30524.000000,5.098413,391.316292
286,3404904,3411594,3412101,0.510000,0.000587,4943,-17.250994,6250.970000,30596.900000,4.984014,350.248115
287,3412101,3418505,3419013,0.510000,0.000553,5042,-16.256588,6257.880000,30665.800000,4.439596,458.103739
288,3419013,3425651,3426546,0.890000,0.000582,4917,-17.170062,6265.030000,30737.300000,3.292517,266.799345
289,3426546,3432564,3433300,0.740000,0.000550,4781,-16.242589,6271.940000,30806.300000,4.671551,407.700502
290,3433300,3440048,3440933,0.890000,0.000579,5260,-17.156629,6279.420000,30880.800000,3.602721,413.312548
291,3440933,3447569,3448445,0.880000,0.000560,5072,-16.624943,6286.940000,30955.700000,3.562477,167.507834
292,3448445,3454169,3455071,0.910000,0.000545,4055,-16.193622,6293.540000,31021.400000,3.928412,275.173970
293,3455071,3460915,3461872,0.960000,0.000554,4779,-16.519699,6300.290000,31089.100000,3.218450,185.108365
294,3461872,3467966,3468610,0.650000,0.000547,4798,-16.346484,6307.340000,31159.300000,2.829951,523.765969
295,3468610,3475751,3476737,0.980000,0.000583,5393,-17.508872,6315.130000,31237.000000,3.003052,172.245891
296,3476737,3482381,3483138,0.750000,0.000562,3984,-16.885047,6321.760000,31303.100000,5.057342,372.652541
297,3483138,3489613,3490293,0.680000,0.000569,4669,-17.146516,6328.990000,31375.400000,3.329176,307.927735
298,3490293,3496636,3497252,0.620000,0.000547,4978,-16.505252,6336.010000,31445.400000,5.490709,453.348516
299,3497252,3504045,3504624,0.580000,0.000597,4722,-18.116569,6343.420000,31519.300000,3.941013,358.623158
300,3504624,3511037,3511714,0.680000,0.000552,4901,-16.739300,6350.410000,31589.000000,4.831529,333.126995
301,3511714,3517808,3518711,0.910000,0.000542,4840,-16.460613,6357.180000,31656.700000,3.790955,222.389679
302,3518711,3524540,3525461,0.920000,0.000556,4201,-16.938541,6363.920000,31723.800000,7.340883,338.447872
303,3525461,3531425,3532197,0.770000,0.000564,4150,-17.222253,6370.800000,31792.500000,4.773006,398.199036
304,3532197,3538678,3539502,0.830000,0.000573,5007,-17.547761,6378.050000,31864.900000,1.524086,294.091518
305,3539502,3545853,3546511,0.660000,0.000575,4715,-17.651487,6385.230000,31936.400000,4.354156,400.623841
306,3546511,3553117,3553961,0.850000,0.000583,5075,-17.940303,6392.490000,32008.500000,2.104376,311.630002
307,3553961,3560032,3560723,0.690000,0.000559,4697,-17.238487,6399.410000,32077.500000,6.182081,524.067068
308,3560723,3567572,3568177,0.600000,0.000590,5118,-18.269538,6406.950000,32152.800000,5.362460,363.695953
309,3568177,3574370,3574980,0.610000,0.000544,5014,-16.807543,6413.750000,32220.500000,2.029416,517.596495
310,3574980,3581557,3582221,0.670000,0.000581,4803,-18.058505,6420.930000,32292.100000,3.187090,535.457716
311,3582221,3588646,3589316,0.670000,0.000576,4828,-17.924421,6428.020000,32363.000000,4.553023,256.515931
312,3589316,3595462,3595993,0.530000,0.000554,5003,-17.267583,6434.840000,32430.900000,3.498299,523.768667
313,3595993,3602738,3603518,0.780000,0.000586,5211,-18.352514,6442.110000,32503.500000,4.264673,266.349595
314,3603518,3609639,3610375,0.740000,0.000572,4378,-17.913773,6449.010000,32572.400000,4.316845,320.620365
315,3610375,3616646,3617416,0.770000,0.000572,4690,-17.972335,6456.020000,32642.300000,6.066526,232.568426
316,3617416,3623102,3623780,0.680000,0.000550,4446,-17.297070,6462.480000,32706.600000,7.204402,406.976224
317,3623780,3630224,3631018,0.790000,0.000584,4876,-18.421916,6469.600000,32777.600000,4.063931,354.276721
318,3631018,3637138,3638245,1.110000,0.000569,4756,-17.979326,6476.510000,32846.600000,5.267226,126.881419
319,3638245,3643438,3644226,0.790000,0.000523,4149,-16.501943,6482.810000,32909.400000,4.259247,282.703756
320,3644226,3650294,3651014,0.720000,0.000551,4755,-17.454663,6489.670000,32977.800000,3.979296,228.497918
321,3651014,3656951,3657680,0.730000,0.000535,4731,-16.960463,6496.330000,33044.200000,3.425626,309.880529
322,3657680,3663978,3664703,0.730000,0.000576,4602,-18.372910,6503.350000,33114.100000,4.073477,286.391409
323,3664703,3670962,3671725,0.760000,0.000562,4756,-17.927478,6510.340000,33183.800000,4.124388,158.445879
324,3671725,3677068,3677789,0.720000,0.000544,4307,-17.373246,6516.440000,33244.900000,4.976333,449.101239
325,3677789,3684376,3685357,0.980000,0.000584,4865,-18.736232,6523.750000,33317.600000,3.892967,144.659451
326,3685357,3690666,3691464,0.800000,0.000522,4268,-16.734840,6530.040000,33380.600000,5.180988,369.344699
327,3691464,3697792,3698748,0.950000,0.000578,4845,-18.617400,6537.170000,33451.600000,3.089416,190.983459
328,3698748,3704487,3705155,0.670000,0.000541,4349,-17.412469,6543.860000,33518.300000,4.248442,354.381306
329,3705155,3711086,3711990,0.910000,0.000555,4871,-17.925943,6550.460000,33584.300000,3.293327,258.315559
330,3711990,3717755,3718481,0.730000,0.000562,4235,-18.208395,6557.130000,33650.700000,4.056320,311.539019
331,3718481,3724604,3725833,1.230000,0.000572,4963,-18.585178,6563.980000,33719.100000,4.613229,82.256433
332,3725833,3730855,3731511,0.660000,0.000539,3810,-17.496372,6570.230000,33781.500000,5.213528,594.100427
333,3731511,3738357,3739272,0.920000,0.000606,4967,-19.818471,6577.730000,33856.200000,3.844320,126.989189
334,3739272,3744307,3745234,0.930000,0.000521,4095,-16.959939,6583.680000,33915.800000,3.780973,255.029347
335,3745234,3751605,3752539,0.930000,0.000581,4980,-19.053661,6590.980000,33988.400000,4.172633,236.874630
336,3752539,3758194,3759080,0.890000,0.000571,4305,-18.756765,6597.570000,34054.200000,4.230556,177.387960
337,3759080,3764394,3765123,0.730000,0.000559,4032,-18.375984,6603.770000,34116.000000,4.262304,418.424110
338,3765123,3771322,3772230,0.910000,0.000613,4475,-20.236052,6610.700000,34185.100000,3.902218,186.067111
339,3772230,3777556,3778254,0.700000,0.000549,4419,-18.089811,6616.930000,34247.500000,4.091401,360.946642
340,3778254,3784354,3785370,1.020000,0.000571,4658,-18.895354,6623.730000,34315.300000,4.099967,147.618985
341,3785370,3790539,3791200,0.670000,0.000538,3358,-17.779647,6629.910000,34377.100000,4.541587,377.373526
342,3791200,3797658,3798622,0.970000,0.000594,4722,-19.762606,6637.030000,34448.200000,4.058121,115.400724
343,3798622,3803739,3804544,0.810000,0.000525,4273,-17.418315,6643.110000,34508.800000,3.453718,397.939553
344,3804544,3810922,3812003,1.080000,0.000595,4424,-19.869006,6650.300000,34580.400000,4.777616,102.572458
345,3812003,3816921,3817579,0.650000,0.000521,3963,-17.361579,6656.300000,34640.400000,4.565324,441.409295
346,3817579,3824053,3824928,0.870000,0.000608,4601,-20.410835,6663.430000,34711.400000,3.501992,165.871158
347,3824928,3830335,3831214,0.880000,0.000549,4415,-18.403861,6669.710000,34774.200000,6.929557,517.694025
348,3831214,3837742,3838737,0.990000,0.000596,4650,-20.061185,6677.120000,34848.100000,3.487732,79.249506
349,3838737,3843456,3843947,0.490000,0.000486,4020,-16.279551,6682.830000,34905.200000,4.144133,559.066155
350,3843947,3850768,3851880,1.120000,0.000610,4927,-20.633568,6690.140000,34978.100000,3.962883,95.408448
351,3851880,3856638,3857281,0.650000,0.000510,3977,-17.176757,6696.010000,35037.000000,5.093188,564.812096
352,3857281,3864029,3864742,0.720000,0.000595,5158,-20.170197,6703.400000,35110.300000,2.324725,266.568311
353,3864742,3870404,3871163,0.760000,0.000571,4432,-19.393864,6709.780000,35174.100000,4.884809,359.619507
354,3871163,3877209,3878189,0.980000,0.000597,4311,-20.328641,6716.580000,35242.000000,3.878402,150.416319
355,3878189,3883118,3883912,0.800000,0.000545,4000,-18.521176,6722.490000,35301.100000,4.275759,300.529457
356,3883912,3890227,3890958,0.730000,0.000574,4908,-19.593649,6729.600000,35372.000000,3.750780,231.126412
357,3890958,3896867,3897559,0.690000,0.000570,4558,-19.482480,6736.240000,35438.300000,4.902397,240.978109
358,3897559,3903283,3904274,0.990000,0.000552,4462,-18.896259,6742.660000,35502.400000,3.958339,169.848916
359,3904274,3909814,3910407,0.590000,0.000559,4443,-19.190822,6749.190000,35567.600000,5.040973,513.426567
360,3910407,3917091,3917937,0.840000,0.000613,4899,-21.140622,6756.470000,35640.100000,4.447189,129.777972
361,3917937,3923402,3924151,0.750000,0.000554,4080,-19.081714,6762.780000,35703.100000,4.171425,428.212919
362,3924151,3930670,3931466,0.790000,0.000581,5066,-20.094328,6770.050000,35775.800000,4.849994,248.233052
363,3931466,3937394,3938089,0.690000,0.000578,4201,-19.998905,6776.770000,35842.900000,3.645624,350.242192
364,3938089,3944146,3945014,0.870000,0.000592,4627,-20.538191,6783.520000,35910.200000,5.073637,183.135277
365,3945014,3950503,3951194,0.690000,0.000570,4000,-19.815743,6789.880000,35973.600000,4.643383,309.830494
366,3951194,3957358,3958215,0.860000,0.000594,4877,-20.693004,6796.730000,36042.100000,4.083682,134.058720
367,3958215,3963232,3963812,0.580000,0.000522,4229,-18.153551,6802.610000,36100.300000,5.307519,540.623138
368,3963812,3970235,3971243,1.010000,0.000611,4659,-21.387101,6809.610000,36170.000000,3.572425,135.806367
369,3971243,4097948,4098836,0.890000,0.000525,3581,-18.331738,6937.320000,36216.500000,4.908130,4401.625891
370,4098836,4131185,4131813,0.630000,0.000009,51,0.333088,6970.560000,36419.900000,6.124383,3580.734801
371,4131813,4137316,4137609,0.290000,0.000628,4288,-22.210031,6976.690000,36481.100000,0.967369,754.970159
372,4137609,4143919,4144420,0.510000,0.000664,5563,-23.554087,6983.290000,36546.700000,5.299165,706.940972
373,4144420,4150381,4150964,0.580000,0.000667,4370,-23.700080,6989.760000,36610.900000,6.501932,666.971529
374,4150964,4157082,4157646,0.560000,0.000664,4547,-23.627309,6996.460000,36677.600000,6.443099,717.553364
375,4157646,4163587,4164300,0.720000,0.000666,4478,-23.766784,7002.960000,36742.600000,2.461389,441.821765
376,4164300,4169869,4170546,0.680000,0.000637,4276,-22.738208,7009.240000,36805.700000,3.930477,368.579468
377,4170546,4175991,4176667,0.670000,0.000621,4440,-22.186140,7015.370000,36866.300000,4.665938,390.004834
378,4176667,4182088,4182833,0.750000,0.000618,4591,-22.106002,7021.460000,36927.400000,3.879354,325.571585
379,4182833,4188156,4188716,0.560000,0.000627,4284,-22.482274,7027.530000,36988.000000,3.959207,450.422646
380,4188716,4194355,4195109,0.750000,0.000638,4474,-22.921457,7033.730000,37049.700000,3.662180,393.289954
381,4195109,4200642,4201384,0.740000,0.000625,4517,-22.496404,7040.020000,37112.600000,9.318143,570.801673
382,4201384,4207351,4208160,0.810000,0.000656,4624,-23.669928,7046.730000,37179.600000,4.745945,280.767916
383,4208160,4213184,4213827,0.640000,0.000621,3938,-22.421832,7052.560000,37237.400000,5.219361,570.029772
384,4213827,4220030,4220513,0.480000,0.000647,4659,-23.426837,7059.410000,37306.000000,3.308420,439.970983
385,4220513,4226382,4226931,0.550000,0.000632,4238,-22.927242,7065.760000,37369.100000,3.837696,312.257387
386,4226931,4232397,4232992,0.600000,0.000622,4038,-22.575102,7071.770000,37429.300000,3.800364,261.154522
387,4232992,4238279,4238921,0.650000,0.000619,4145,-22.483544,7077.650000,37487.900000,1.874119,327.221099
388,4238921,4244319,4244911,0.600000,0.000620,4173,-22.562009,7083.690000,37548.200000,2.350119,400.427723
389,4244911,4250504,4251175,0.670000,0.000625,4533,-22.795322,7089.880000,37610.100000,4.662796,445.145371
390,4251175,4256803,4257401,0.600000,0.000638,4219,-23.313348,7096.180000,37672.900000,1.032489,421.146374
391,4257401,4263103,4263699,0.590000,0.000636,4274,-23.295570,7102.480000,37735.700000,1.887311,337.089235
392,4263699,4269337,4270014,0.680000,0.000644,4497,-23.650312,7108.710000,37798.100000,3.751459,517.015135
393,4270014,4275957,4276561,0.610000,0.000665,4150,-24.454598,7115.330000,37864.000000,2.756111,392.739930
394,4276561,4282029,4282684,0.660000,0.000632,4107,-23.248742,7121.400000,37924.600000,4.224301,451.404684
395,4282684,4288533,4289204,0.670000,0.000624,4489,-23.002464,7127.910000,37989.200000,3.173625,398.755595
396,4289204,4294789,4295491,0.710000,0.000631,4264,-23.314915,7134.160000,38051.900000,8.439046,284.942882
397,4295491,4300967,4301586,0.620000,0.000627,4123,-23.193540,7140.340000,38113.400000,0.018183,310.284215
398,4301586,4307170,4307729,0.550000,0.000609,4182,-22.545877,7146.550000,38176.100000,5.157805,273.519543
399,4307729,4313164,4313781,0.620000,0.000610,3948,-22.615056,7152.540000,38236.000000,3.076133,503.205437
400,4313781,4319720,4320470,0.750000,0.000627,4559,-23.307031,7159.100000,38300.700000,4.761065,275.007011
401,4320470,4325920,4326365,0.440000,0.000607,4035,-22.597661,7165.300000,38362.400000,14.943173,432.801754
402,4326365,4332204,4332703,0.500000,0.000626,4531,-23.339742,7171.580000,38425.100000,8.408768,426.785166
403,4332703,4338278,4338803,0.530000,0.000630,4247,-23.531057,7177.650000,38485.700000,6.545734,377.039543
404,4338803,4344444,4344901,0.460000,0.000618,4269,-23.129854,7183.820000,38547.400000,9.856014,493.767912
405,4344901,4350929,4351437,0.510000,0.000632,4801,-23.704573,7190.300000,38612.000000,8.910601,559.725318
406,4351437,4357643,4358171,0.530000,0.000650,4501,-24.440680,7197.020000,38679.200000,5.143439,316.763956
407,4358171,4363652,4364155,0.500000,0.000613,4401,-23.035069,7203.030000,38738.900000,5.561818,466.025985
408,4364155,4370169,4370631,0.470000,0.000653,4360,-24.651021,7209.540000,38803.800000,5.517920,515.859495
409,4370631,4376642,4377142,0.500000,0.000639,4594,-24.139421,7216.020000,38868.800000,6.670708,394.641775
410,4377142,4382791,4383349,0.550000,0.000646,4167,-24.450003,7222.170000,38929.900000,6.016823,350.881683
411,4383349,4388663,4389483,0.820000,0.000623,4284,-23.604426,7228.040000,38989.100000,3.465452,270.959264
412,4389483,4394901,4395442,0.540000,0.000613,4185,-23.233848,7234.280000,39050.500000,-0.003686,499.338174
413,4395442,4401536,4402148,0.610000,0.000652,4528,-24.792072,7240.910000,39116.700000,1.991344,466.426158
414,4402148,4407965,4408507,0.540000,0.000636,4492,-24.220519,7247.340000,39181.200000,5.399073,322.241228
415,4408507,4413991,4414561,0.570000,0.000626,4118,-23.842752,7253.370000,39241.300000,1.057947,360.472807
416,4414561,4420274,4420924,0.650000,0.000644,4043,-24.613666,7259.650000,39303.700000,3.503297,304.332748
417,4420924,4426147,4426913,0.770000,0.000635,4059,-24.306814,7265.520000,39362.500000,8.569589,238.222222
418,4426913,4432007,4432566,0.560000,0.000610,4038,-23.348993,7271.380000,39420.900000,2.905814,530.922266
419,4432566,4438542,4439038,0.490000,0.000650,4550,-24.962696,7277.920000,39486.000000,6.418232,535.893217
420,4439038,4444645,4445322,0.680000,0.000642,4565,-24.694159,7284.020000,39547.900000,4.219234,481.245258
421,4445322,4451298,4451901,0.610000,0.000664,4297,-25.603726,7290.670000,39613.400000,6.038944,608.142418
422,4451901,4457988,4458575,0.590000,0.000654,4421,-25.245698,7297.360000,39680.200000,5.358351,303.811610
423,4458575,4463778,4464437,0.660000,0.000626,4034,-24.172419,7303.150000,39738.200000,3.266487,362.601276
424,4464437,4469995,4470657,0.660000,0.000654,4074,-25.329247,7309.370000,39800.000000,0.046001,317.059469
425,4476691,4482147,4482741,0.600000,0.000574,1684,-22.209226,7321.520000,39921.400000,5.180923,246.244630
426,4482741,4487995,4488619,0.620000,0.000619,4011,-24.041580,7327.370000,39979.900000,5.443116,348.409200
427,4488619,4494003,4494682,0.680000,0.000657,3851,-25.601923,7333.380000,40039.800000,4.955330,379.021108
428,4494682,4500005,4500681,0.680000,0.000633,4246,-24.696639,7339.380000,40099.300000,4.220738,440.500219
429,4500681,4506139,4506703,0.570000,0.000632,4199,-24.692451,7345.510000,40160.700000,2.664270,310.188297
430,4506703,4512075,4512752,0.680000,0.000636,3941,-24.894759,7351.450000,40219.900000,4.342013,355.509881
431,4512752,4518171,4518717,0.540000,0.000621,4279,-24.306549,7357.550000,40281.000000,6.517563,393.263435
432,4518717,4524636,4525159,0.520000,0.000627,4860,-24.601747,7364.010000,40346.100000,6.104731,369.200704
433,4525159,4530784,4531316,0.530000,0.000627,4344,-24.623928,7370.160000,40406.700000,5.239160,597.001315
434,4531316,4537337,4537780,0.450000,0.000663,4342,-26.111088,7376.710000,40472.800000,9.930049,439.424699
435,4537780,4543633,4544107,0.470000,0.000632,4597,-24.895810,7383.010000,40535.200000,5.655559,542.743433
436,4544107,4549935,4550424,0.490000,0.000651,4717,-25.715680,7389.310000,40598.500000,8.810954,438.414795
437,4550424,4556039,4556564,0.530000,0.000632,4495,-25.004454,7395.410000,40659.100000,4.039674,363.259324
438,4556564,4562340,4562838,0.490000,0.000624,4679,-24.714630,7401.720000,40721.800000,5.328953,299.700502
439,4562838,4568360,4568788,0.420000,0.000637,4081,-25.267180,7407.740000,40781.000000,11.942860,517.932545
440,4568788,4574667,4575259,0.590000,0.000650,4470,-25.840358,7414.040000,40843.900000,3.941322,384.534792
441,4575259,4580958,4581447,0.490000,0.000646,4249,-25.723194,7420.330000,40906.700000,6.361986,273.983761
442,4581447,4586803,4587235,0.430000,0.000633,4181,-25.239225,7426.180000,40964.900000,4.585236,493.454466
443,4587235,4593077,4593669,0.590000,0.000654,4509,-26.148373,7432.450000,41027.300000,4.438075,450.036380
444,4593669,4599545,4600004,0.460000,0.000654,4561,-26.181581,7438.920000,41091.900000,10.023099,409.382282
445,4600004,4604452,4606324,1.870000,0.000648,4366,-25.945555,7443.830000,41140.900000,1.417089,409.063004
446,4606324,4612206,4612708,0.500000,0.000624,4523,-25.029211,7451.580000,41218.300000,5.353879,277.893069
447,4612708,4618106,4618527,0.420000,0.000609,4527,-24.446027,7457.480000,41277.400000,6.978763,514.387508
448,4618527,4624434,4624973,0.540000,0.000649,4593,-26.132581,7463.810000,41340.300000,2.536986,480.322807
449,4624973,4630925,4631457,0.530000,0.000637,4591,-25.666153,7470.300000,41404.800000,5.778733,417.098988
450,4631457,4637118,4637800,0.690000,0.000664,4101,-26.846470,7476.490000,41466.700000,1.999003,392.384582
451,4637800,4643603,4644078,0.470000,0.000650,4242,-26.288320,7482.980000,41531.900000,6.314388,368.723926
452,4644078,4649609,4650262,0.660000,0.000649,4253,-26.289876,7488.980000,41591.300000,0.209123,426.436348
453,4650262,4656160,4656814,0.650000,0.000685,4184,-27.848993,7495.540000,41656.600000,5.102696,486.147710
454,4656814,4662562,4663243,0.680000,0.000654,4763,-26.595528,7501.940000,41721.400000,1.372711,245.916356
455,4663243,4668598,4669158,0.560000,0.000617,4390,-25.076898,7507.970000,41781.700000,11.092231,264.886557
456,4669158,4674649,4675259,0.610000,0.000638,4196,-25.983734,7514.020000,41841.500000,0.022723,440.284206
457,4675259,4680936,4681442,0.510000,0.000644,4315,-26.283773,7520.310000,41904.300000,9.696778,392.645586
458,4681442,4686832,4687540,0.710000,0.000634,4196,-25.892101,7526.210000,41963.300000,0.065331,188.924561
459,4687540,4692838,4693331,0.500000,0.000625,4088,-25.553397,7532.210000,42022.600000,2.226966,387.893929
460,4693331,4699154,4699759,0.600000,0.000652,4306,-26.739466,7538.530000,42085.800000,9.458560,186.117440
461,4699759,4704672,4705210,0.540000,0.000604,3874,-24.738855,7544.050000,42141.000000,9.024584,470.872448
462,4705210,4711089,4711564,0.480000,0.000653,4437,-26.835934,7550.460000,42205.000000,9.693943,325.524102
463,4711564,4717161,4717699,0.530000,0.000636,4551,-26.174872,7556.540000,42265.600000,2.318741,454.896039
464,4717699,4723331,4723835,0.500000,0.000642,4684,-26.484534,7562.710000,42328.100000,5.979286,413.448155
465,4723835,4729520,4730017,0.490000,0.000650,4346,-26.831018,7568.900000,42389.900000,5.581874,387.890351
466,4730017,4735866,4736423,0.560000,0.000646,4602,-26.732316,7575.240000,42452.500000,3.243698,438.407903
467,4736423,4742266,4742686,0.420000,0.000652,4636,-27.028895,7581.640000,42516.700000,11.661169,488.060739
468,4742686,4748482,4749137,0.650000,0.000656,4432,-27.244879,7587.860000,42577.900000,3.153076,301.872508
469,4749137,4754383,4754992,0.610000,0.000658,3884,-27.352069,7593.760000,42637.400000,5.066590,282.246154
470,4754992,4760689,4761171,0.490000,0.000637,4401,-26.488345,7600.060000,42699.900000,10.754441,365.895522
471,4761171,4767027,4767476,0.450000,0.000651,4374,-27.148322,7606.400000,42763.100000,8.566315,370.587410
472,4767476,4772956,4773448,0.490000,0.000637,4362,-26.595158,7612.330000,42823.400000,12.224344,362.162495
473,4773448,4779195,4779705,0.510000,0.000634,4600,-26.469119,7618.570000,42884.700000,11.124005,302.880459
474,4779705,4785014,4785417,0.400000,0.000648,3958,-27.140029,7624.390000,42943.400000,0.051484,431.101647
475,4785417,4789710,4791942,2.230000,0.000675,4270,-28.323781,7629.090000,42990.300000,4.426390,484.854446
476,4791942,4797916,4798388,0.470000,0.000741,5006,-31.220703,7637.290000,43071.400000,7.209075,513.989413
477,4798388,4804293,4804802,0.510000,0.000680,5251,-28.647421,7643.670000,43135.400000,8.179851,408.804391
478,4804802,4810817,4811256,0.440000,0.000686,5125,-28.914125,7650.190000,43200.000000,6.060364,469.421538
479,4811256,4817038,4817517,0.480000,0.000686,3967,-28.975119,7656.410000,43262.400000,12.692204,511.969406
480,4817517,4823460,4824072,0.610000,0.000670,4452,-28.337899,7662.840000,43326.300000,1.513824,569.992112
481,4824072,4829981,4830683,0.700000,0.000668,4411,-28.300027,7669.360000,43391.600000,4.798034,264.954646
482,4830683,4835836,4836450,0.620000,0.000630,4036,-26.674721,7675.210000,43449.800000,4.465591,512.292747
483,4836450,4842061,4842684,0.620000,0.000666,4283,-28.290980,7681.440000,43512.400000,0.211765,602.068297
484,4842684,4848833,4849375,0.540000,0.000664,4654,-28.245801,7688.210000,43579.300000,7.101271,561.221468
485,4849375,4855111,4855851,0.740000,0.000661,4543,-28.145317,7694.490000,43641.800000,5.106899,472.326101
486,4855851,4861531,4862025,0.490000,0.000646,4485,-27.509438,7700.910000,43706.500000,7.365849,368.850580
487,4862025,4867563,4868138,0.570000,0.000654,4264,-27.930175,7706.940000,43766.400000,6.049963,319.767340
488,4868138,4873331,4873712,0.380000,0.000627,4487,-26.780803,7712.710000,43824.700000,0.267455,446.676050
489,4873712,4879453,4879945,0.490000,0.000651,4556,-27.878361,7718.830000,43885.900000,4.296103,373.470821
490,4879945,4885425,4885954,0.530000,0.000643,4411,-27.544130,7724.800000,43944.700000,6.151642,405.272567
491,4885954,4891681,4892202,0.520000,0.000668,4265,-28.682583,7731.060000,44006.800000,10.092056,430.974608
492,4892202,4897881,4898344,0.460000,0.000664,4374,-28.573743,7737.260000,44069.700000,8.890559,508.332673
493,4898344,4904154,4904682,0.530000,0.000677,4376,-29.163316,7743.530000,44131.500000,4.778696,451.863646
494,4904682,4910293,4910757,0.460000,0.000654,4538,-28.177601,7749.670000,44193.600000,5.397893,283.331574
495,4910757,4915946,4916433,0.490000,0.000644,4154,-27.804704,7755.320000,44249.600000,10.145789,448.703509
496,4916433,4922134,4922635,0.500000,0.000672,4397,-29.090562,7761.510000,44311.700000,11.359346,318.012761
497,4922635,4928164,4928681,0.520000,0.000655,4395,-28.376017,7767.540000,44371.300000,6.491941,294.919753
498,4928681,4934086,4934610,0.530000,0.000653,4236,-28.309242,7773.460000,44430.600000,7.259676,296.249508
499,4934610,4940147,4940648,0.500000,0.000670,4096,-29.089292,7779.520000,44490.900000,2.236439,308.763365
500,4940648,4945962,4946454,0.490000,0.000630,4689,-27.355638,7785.340000,44550.200000,10.396175,359.555263
501,4946454,4952057,4952594,0.540000,0.000659,4347,-28.706870,7791.430000,44609.800000,10.250999,350.513181
502,4952594,4958012,4958465,0.450000,0.000648,4387,-28.260692,7797.390000,44669.500000,4.669982,481.835893
503,4958465,4964278,4964736,0.460000,0.000668,4450,-29.169927,7803.650000,44731.700000,12.025413,364.443664
504,4964736,4970400,4970932,0.530000,0.000660,4568,-28.839275,7809.780000,44792.700000,6.097107,494.875000
505,4970932,4976590,4977087,0.490000,0.000662,4582,-28.996423,7815.970000,44855.300000,8.734280,290.640385
506,4977087,4982488,4982896,0.410000,0.000639,4492,-27.987981,7821.860000,44913.000000,3.310051,592.646580
507,4982896,4988714,4989270,0.560000,0.000672,4500,-29.538832,7828.090000,44975.300000,8.149090,344.235656
508,4989270,4994456,4994926,0.470000,0.000644,4231,-28.285856,7833.830000,45033.400000,5.794087,513.505499
509,4994926,5000573,5001149,0.570000,0.000660,4412,-29.072946,7839.950000,45094.700000,6.260642,364.262787
510,5001149,5006651,5007226,0.570000,0.000666,4461,-29.352592,7846.030000,45154.400000,5.657707,520.174066
511,5007226,5013235,5013722,0.490000,0.000694,4582,-30.690838,7852.610000,45219.700000,9.032091,476.127697
512,5013722,5019322,5019876,0.550000,0.000676,4299,-29.888663,7858.700000,45280.500000,5.872710,378.066813
513,5019876,5025156,5025666,0.510000,0.000666,4248,-29.491302,7864.530000,45339.300000,9.288632,383.321186
514,5025666,5031284,5031766,0.480000,0.000660,4359,-29.261842,7870.660000,45400.200000,5.729877,357.230363
515,5031766,5037274,5037850,0.580000,0.000664,4427,-29.492058,7876.650000,45460.000000,11.923297,288.519492
516,5037850,5043085,5043664,0.580000,0.000658,4126,-29.242058,7882.460000,45517.600000,11.184346,424.095050
517,5043664,5049339,5049953,0.620000,0.000681,4265,-30.349946,7888.710000,45580.000000,4.992691,240.645389
518,5049953,5055338,5055800,0.470000,0.000665,4093,-29.664583,7894.710000,45640.000000,7.740596,422.976232
519,5055800,5061645,5062182,0.540000,0.000675,4399,-30.145533,7901.020000,45703.200000,6.087975,465.689436
520,5062182,5067835,5068381,0.550000,0.000668,4400,-29.882245,7907.210000,45764.900000,5.928263,495.368098
521,5068381,5073981,5074564,0.580000,0.000667,4468,-29.862715,7913.360000,45826.400000,6.892999,429.059108
522,5074564,5080133,5080659,0.520000,0.000659,4355,-29.537479,7919.510000,45887.300000,4.484621,589.155536
523,5080659,5086329,5086855,0.530000,0.000675,4461,-30.311225,7925.700000,45950.100000,4.454758,464.406127
524,5086855,5092416,5092906,0.490000,0.000656,4535,-29.494170,7931.790000,46010.600000,7.599306,500.357802
525,5092906,5098839,5099289,0.450000,0.000673,4654,-30.311752,7938.210000,46074.100000,8.059769,534.246935
526,5099289,5104961,5105467,0.500000,0.000693,4120,-31.266875,7944.340000,46135.200000,6.360663,571.304119
527,5105467,5111328,5111769,0.440000,0.000680,4479,-30.698782,7950.700000,46199.400000,11.438523,570.200440
528,5111769,5117629,5118104,0.480000,0.000670,4680,-30.268180,7957.000000,46261.900000,5.292844,683.915024
529,5118104,5123965,5124475,0.510000,0.000680,4480,-30.784154,7963.340000,46325.200000,4.576883,593.404526
530,5124475,5130363,5130893,0.530000,0.000696,4242,-31.598393,7969.740000,46389.100000,12.757249,503.382988
531,5130893,5136400,5137160,0.760000,0.000664,4651,-30.154450,7975.780000,46450.500000,2.120946,641.486920
532,5137160,5143183,5143663,0.480000,0.000689,4279,-31.324875,7982.560000,46516.600000,5.192187,583.036240
533,5143663,5149085,5149669,0.580000,0.000678,4262,-30.863592,7988.460000,46576.500000,4.600519,536.376181
534,5149669,5155476,5156043,0.570000,0.000676,4323,-30.826199,7994.850000,46639.500000,4.172880,501.060759
535,5156043,5161460,5162079,0.610000,0.000678,4117,-30.966362,8000.840000,46699.700000,2.414374,558.496933
536,5162079,5167790,5168469,0.670000,0.000681,4581,-31.138688,8007.170000,46762.100000,5.850288,467.157849
537,5168469,5173990,5174453,0.460000,0.000675,4375,-30.913979,8013.370000,46824.100000,-0.010787,460.959543
538,5174453,5179963,5180501,0.540000,0.000671,4312,-30.744691,8019.340000,46883.900000,14.942340,474.907334
539,5180501,5185986,5186456,0.470000,0.000708,3201,-32.521671,8025.360000,46944.700000,10.509744,349.762593
540,5186456,5191880,5192346,0.460000,0.000671,4379,-30.830236,8031.260000,47002.700000,0.317497,491.253555
541,5192346,5198093,5198552,0.460000,0.000679,4475,-31.270382,8037.470000,47064.800000,7.114442,525.989910
542,5198552,5204346,5204841,0.500000,0.000686,4432,-31.618080,8043.720000,47127.000000,3.470913,541.525855
543,5204841,5210493,5211088,0.590000,0.000697,4266,-32.188820,8049.870000,47188.600000,3.901819,358.813938
544,5211088,5216431,5217192,0.760000,0.000670,4514,-30.976456,8055.810000,47248.800000,5.541079,185.637560
545,5217192,5222015,5222561,0.550000,0.000648,4166,-29.943232,8061.390000,47304.700000,10.308243,410.755380
546,5222561,5228190,5228761,0.570000,0.000688,4109,-31.892959,8067.570000,47365.900000,6.376402,329.771941
547,5228761,5234172,5234717,0.540000,0.000664,4262,-30.770112,8073.550000,47424.800000,8.083357,472.127193
548,5234717,5240457,5240996,0.540000,0.000691,4290,-32.115795,8079.830000,47487.300000,6.616566,554.078104
549,5240996,5246806,5247335,0.530000,0.000685,4546,-31.853302,8086.180000,47550.800000,7.631096,493.002412
550,5247335,5252934,5253380,0.450000,0.000690,3881,-32.125088,8092.310000,47612.800000,2.680873,596.577202
551,5253380,5259135,5259899,0.760000,0.000684,4385,-31.895006,8098.510000,47674.100000,0.643545,343.022203
552,5259899,5264977,5265389,0.410000,0.000650,3897,-30.329184,8104.350000,47733.200000,2.547451,497.007459
553,5265389,5270966,5271704,0.740000,0.000681,4250,-31.861387,8110.340000,47792.000000,2.519424,247.570612
554,5271704,5276634,5277210,0.580000,0.000669,3836,-31.291333,8116.010000,47850.000000,4.736001,569.888987
555,5277210,5282817,5283405,0.590000,0.000706,4481,-33.130669,8122.190000,47911.200000,-0.023596,503.980659
556,5283405,5288952,5289680,0.730000,0.000685,4614,-32.172310,8128.330000,47972.600000,2.397876,559.073278
557,5289680,5295286,5295766,0.480000,0.000693,4108,-32.575045,8134.660000,48034.800000,5.374978,799.301448
558,5295766,5302022,5302494,0.470000,0.000709,4427,-33.412553,8141.400000,48102.200000,5.721787,676.216524
559,5302494,5308304,5308863,0.560000,0.000689,4417,-32.498130,8147.680000,48164.600000,3.717346,679.299912
560,5308863,5314657,5315184,0.530000,0.000692,4304,-32.668397,8154.030000,48228.500000,6.589178,517.958233
561,5315184,5320882,5321312,0.430000,0.000681,4493,-32.166698,8160.260000,48290.100000,7.091815,689.757469
562,5321312,5327095,5327550,0.460000,0.000703,4356,-33.262590,8166.470000,48352.900000,4.947202,636.843764
563,5327550,5333549,5334028,0.480000,0.000692,4682,-32.798745,8172.920000,48416.000000,5.526471,550.192130
564,5334028,5339478,5339969,0.490000,0.000693,4232,-32.884566,8178.850000,48476.200000,10.975883,480.708617
565,5339969,5345524,5346083,0.560000,0.000679,4318,-32.229665,8184.900000,48535.600000,4.831337,421.881166
566,5346083,5351656,5352105,0.450000,0.000688,4265,-32.733019,8191.030000,48597.400000,6.924943,462.748359
567,5352105,5357890,5358427,0.530000,0.000694,4387,-33.064216,8197.270000,48658.800000,8.942974,305.465793
568,5358427,5363369,5363775,0.410000,0.000657,3855,-31.277721,8202.740000,48714.400000,1.040968,572.312971
569,5363775,5369646,5370247,0.600000,0.000686,4623,-32.779617,8209.020000,48776.300000,5.688590,320.693117
570,5370247,5375400,5375832,0.430000,0.000654,4255,-31.253791,8214.780000,48833.600000,-0.052540,637.763911
571,5375832,5381712,5382318,0.600000,0.000692,4642,-33.143386,8221.090000,48896.600000,6.421528,307.924406
