Event,StartRow,FailRow,EndRow,SlipDuration,Stiffness,NptsStiffness,StiffnessIntercept,FailTime,FailDisplacement,50_Mean_Velocity,Peak_Velocity
0,1102086,1106170,1109423,3.260000,0.000014,4084,0.539711,3471.350000,10241.600000,8.213645,12.341501
1,1109423,1112515,1116092,3.580000,0.000023,3092,0.446890,3477.700000,10305.100000,7.914353,14.248875
2,1116092,1118115,1122866,4.750000,0.000080,640,-0.144146,3483.300000,10360.800000,7.963556,11.876569
3,1122866,1125384,1128760,3.370000,0.000044,1806,0.224083,3490.570000,10433.400000,7.939808,11.223105
4,1128760,1131834,1135605,3.770000,0.000051,1953,0.146702,3497.020000,10498.100000,7.665996,12.084329
5,1135605,1138198,1141946,3.750000,0.000036,2111,0.301426,3503.380000,10561.400000,7.938449,11.308616
6,1141946,1144450,1147356,2.910000,0.000051,2212,0.148472,3509.630000,10623.800000,7.798744,11.889388
7,1147356,1150971,1153656,2.690000,0.000051,3615,0.134734,3516.150000,10688.900000,7.941411,11.730029
8,1153656,1156770,1159825,3.060000,0.000074,3072,-0.109243,3521.950000,10746.400000,7.310305,13.342353
9,1159825,1163386,1165907,2.520000,0.000075,3166,-0.122894,3528.570000,10812.300000,7.240749,12.390225
10,1165907,1169249,1171990,2.740000,0.000095,3083,-0.348468,3534.430000,10870.800000,7.262482,12.574638
11,1171990,1175469,1178479,3.010000,0.000108,2950,-0.494121,3540.650000,10932.700000,6.964242,13.314323
12,1178479,1181854,1184191,2.330000,0.000140,2579,-0.848825,3547.040000,10996.500000,7.096898,13.713205
13,1184191,1188253,1190863,2.610000,0.000153,3943,-1.006680,3553.440000,11060.200000,6.611160,16.111075
14,1190863,1195150,1196921,1.770000,0.000218,2925,-1.735331,3560.330000,11129.200000,6.836775,20.577836
15,1196921,1202150,1203678,1.530000,0.000238,4305,-1.981505,3567.330000,11198.900000,5.841243,35.782077
16,1203678,1209364,1211242,1.880000,0.000303,3743,-2.719284,3574.550000,11270.900000,5.360476,33.330925
17,1211242,1216851,1218638,1.790000,0.000298,4121,-2.687907,3582.030000,11345.800000,5.412286,45.276376
18,1218638,1224944,1226424,1.480000,0.000320,3915,-2.960350,3590.130000,11426.100000,5.649097,86.274701
19,1226424,1233559,1235016,1.460000,0.000363,3506,-3.481366,3598.740000,11512.200000,5.291321,77.127924
20,1235016,1241711,1243319,1.610000,0.000351,3781,-3.375934,3606.890000,11593.600000,5.418931,87.786954
21,1243319,1250508,1251895,1.390000,0.000358,3977,-3.487434,3615.690000,11681.500000,4.405340,162.171588
22,1251895,1259426,1261044,1.620000,0.000400,2750,-4.009860,3624.610000,11770.200000,4.946824,113.534805
23,1261044,1268573,1269699,1.120000,0.000375,3551,-3.748550,3633.760000,11861.600000,5.223156,257.384093
24,1269699,1278086,1279745,1.660000,0.000424,3067,-4.372226,3643.270000,11956.400000,5.031527,112.679111
25,1279745,1287191,1288051,0.860000,0.000388,3254,-3.978580,3652.370000,12047.300000,5.592932,519.644659
26,1288051,1297380,1299387,2.010000,0.000503,2033,-5.404788,3662.560000,12148.800000,4.815640,53.737335
27,1299387,1305658,1306534,0.880000,0.000340,3597,-3.460488,3670.840000,12231.800000,6.318123,574.937616
28,1306534,1315550,1317742,2.200000,0.000506,1819,-5.538186,3680.730000,12330.200000,4.654469,115.087052
29,1317742,1324861,1325824,0.970000,0.000379,4033,-4.009857,3690.040000,12423.300000,5.447129,638.959693
30,1325824,1335380,1336812,1.440000,0.000501,1945,-5.562356,3700.560000,12528.100000,4.561802,154.950988
31,1336812,1344249,1345312,1.070000,0.000419,2775,-4.588540,3709.430000,12616.700000,4.304880,797.609673
32,1345312,1355152,1356744,1.590000,0.000481,3554,-5.418976,3720.340000,12724.400000,4.025656,240.032956
33,1356744,1364831,1365692,0.870000,0.000416,3461,-4.633089,3730.010000,12820.200000,4.076934,967.573244
34,1365692,1376158,1377290,1.130000,0.000496,3330,-5.699803,3741.340000,12932.000000,3.792851,436.652708
35,1377290,1386071,1386991,0.920000,0.000490,2098,-5.672851,3751.250000,13030.900000,5.566052,1016.950931
36,1386991,1397326,1398331,1.000000,0.000519,2963,-6.111381,3762.510000,13143.000000,2.995066,587.438237
37,1398331,1407274,1408109,0.830000,0.000454,4113,-5.306444,3772.460000,13242.500000,5.393383,1201.348937
38,1408109,1419046,1419955,0.910000,0.000490,4451,-5.840518,3784.230000,13359.900000,3.740864,825.649198
39,1419955,1429593,1430533,0.940000,0.000577,1309,-7.049593,3794.780000,13465.200000,4.206716,882.864421
40,1430533,1440331,1441390,1.060000,0.000472,4366,-5.694753,3805.510000,13572.200000,4.314519,1001.661311
41,1441390,1451220,1452356,1.140000,0.000513,3142,-6.314300,3816.400000,13680.800000,5.197575,788.147114
42,1452356,1461847,1462738,0.890000,0.000549,1677,-6.857373,3827.030000,13787.100000,3.784737,991.900422
43,1462738,1472764,1473640,0.870000,0.000562,1815,-7.099488,3837.950000,13895.800000,2.690077,1128.510447
44,1473640,1483844,1484822,0.980000,0.000520,3114,-6.567274,3849.030000,14006.400000,3.984743,1094.500823
45,1484822,1572582,1581515,8.930000,0.000614,1381,-7.951274,3937.770000,14173.100000,nan,1172.160918
46,1581515,1590728,1591351,0.620000,0.000617,2032,-8.137256,3955.910000,14354.200000,2.448256,974.071256
47,1591351,1600136,1601063,0.930000,0.000632,1363,-8.422601,3965.320000,14448.000000,2.620275,1057.369178
48,1601063,1610503,1611132,0.630000,0.000499,4616,-6.558558,3975.690000,14551.800000,4.461592,1229.082639
49,1611132,1621103,1621676,0.570000,0.000474,6434,-6.246742,3986.290000,14657.100000,7.987791,1145.593512
50,1621676,1631275,1631766,0.490000,0.000490,4917,-6.525574,3996.460000,14759.000000,2.522620,1105.501288
51,1631766,1641490,1642310,0.820000,0.000518,3923,-6.986356,4006.670000,14861.000000,5.992205,1025.960024
52,1642310,1651431,1652402,0.980000,0.000483,5235,-6.521728,4016.610000,14959.900000,7.619143,1112.885888
53,1652402,1662424,1663181,0.750000,0.000532,3263,-7.312427,4027.610000,15069.400000,-0.001442,1337.500547
54,1663181,1673355,1674084,0.730000,0.000510,4032,-7.031792,4038.540000,15178.900000,1.391987,975.435021
55,1674084,1683400,1684047,0.650000,0.000499,3758,-6.911779,4048.580000,15279.000000,6.303311,1299.360869
56,1684047,1694495,1695289,0.790000,0.000652,1442,-9.310935,4059.680000,15389.600000,4.084783,767.617534
57,1695289,1704436,1705051,0.610000,0.000495,3514,-6.962956,4069.620000,15489.400000,5.013245,1177.747768
58,1705051,1715050,1715950,0.900000,0.000544,3380,-7.771835,4080.230000,15594.600000,-0.165221,1154.760986
59,1715950,1726206,1726904,0.700000,0.000566,2348,-8.173169,4091.390000,15706.300000,4.475663,760.257321
60,1726904,1736132,1736739,0.600000,0.000516,2574,-7.448820,4101.320000,15805.300000,5.657895,1126.536452
61,1736739,1746968,1747714,0.750000,0.000505,4386,-7.336382,4112.150000,15913.400000,3.745569,1026.804495
62,1747714,1757644,1758481,0.830000,0.000474,5535,-6.885334,4122.830000,16019.800000,4.705025,1034.290118
63,1758481,1768267,1769154,0.890000,0.000661,1207,-9.933922,4133.450000,16125.800000,1.200464,1013.245430
64,1769154,1779195,1779951,0.750000,0.000485,5177,-7.161529,4144.380000,16234.900000,4.926951,1025.387018
65,1779951,1789841,1790484,0.650000,0.000609,1564,-9.228012,4155.020000,16341.500000,8.309243,1153.983577
66,1790484,1800459,1801263,0.810000,0.000513,4095,-7.731446,4165.640000,16447.400000,4.762516,1086.437351
67,1801263,1811261,1811904,0.650000,0.000579,1930,-8.874328,4176.440000,16554.900000,7.943431,1026.686337
68,1811904,1822161,1822883,0.730000,0.000519,3679,-7.947652,4187.340000,16663.600000,6.186248,1044.060720
69,1822883,1832667,1833455,0.790000,0.000485,5133,-7.430594,4197.850000,16768.600000,7.728129,1107.668373
70,1833455,1843200,1844070,0.870000,0.000484,5314,-7.463132,4208.380000,16873.700000,5.116490,1024.095677
71,1844070,1853700,1854473,0.780000,0.000512,4168,-7.988059,4218.880000,16978.600000,4.879849,1332.212024
72,1854473,1864772,1865707,0.930000,0.000669,1330,-10.716028,4229.960000,17089.100000,5.338219,1242.352455
73,1865707,1876354,1877141,0.780000,0.000513,4785,-8.116761,4241.540000,17204.700000,4.012460,1125.950920
74,1877141,1886836,1887633,0.800000,0.000480,5523,-7.613212,4252.020000,17309.800000,5.154305,1013.748798
75,1887633,1897490,1898330,0.840000,0.000501,4880,-8.017286,4262.670000,17416.000000,4.437168,1005.614597
76,1898330,1907413,1908469,1.050000,0.000649,1054,-10.654211,4272.600000,17515.400000,0.015664,859.322523
77,1908469,1917520,1918235,0.720000,0.000584,1730,-9.577572,4282.700000,17615.600000,2.795662,981.710997
78,1918235,1927628,1928322,0.700000,0.000485,4623,-7.892608,4292.810000,17716.600000,5.202253,935.083227
79,1928322,1937786,1938372,0.590000,0.000504,4149,-8.271736,4302.970000,17818.100000,4.624349,749.391057
80,1938372,1947210,1947991,0.780000,0.000500,3834,-8.257531,4312.390000,17911.900000,4.539329,1334.842154
81,1947991,1958718,1959478,0.760000,0.000661,1533,-11.195314,4323.900000,18026.700000,4.183443,926.927236
82,1959478,1968708,1969517,0.810000,0.000505,4351,-8.441840,4333.890000,18126.300000,4.795908,1130.372482
83,1969517,1979462,1980255,0.790000,0.000498,5131,-8.367745,4344.650000,18233.700000,7.665441,814.289036
84,1980255,1988817,1989777,0.960000,0.000586,1447,-10.031687,4354.000000,18327.600000,3.965484,1034.361094
85,1989777,1999654,2000374,0.720000,0.000508,4329,-8.667157,4364.840000,18433.900000,10.670689,993.197455
86,2000374,2009746,2010576,0.830000,0.000573,2711,-9.902853,4374.930000,18533.300000,0.008589,1068.815029
87,2010576,2020067,2020684,0.620000,0.000531,3471,-9.184604,4385.250000,18637.200000,0.387477,955.886856
88,2020684,2030076,2030647,0.570000,0.000607,1513,-10.669223,4395.260000,18736.100000,7.181576,1284.231531
89,2030647,2040719,2041454,0.740000,0.000522,5166,-9.126851,4405.900000,18842.800000,2.279424,959.885420
90,2041454,2050552,2051261,0.700000,0.000529,3335,-9.323335,4415.740000,18940.600000,0.008833,1138.012417
91,2051261,2061107,2061698,0.590000,0.000714,997,-12.883491,4426.290000,19045.700000,2.031086,1082.075063
92,2061698,2071202,2071875,0.670000,0.000499,4795,-8.850397,4436.390000,19146.600000,4.787213,1048.815021
93,2071875,2081355,2082020,0.660000,0.000659,900,-11.965661,4446.540000,19248.000000,4.669413,1046.481264
94,2082020,2091323,2091926,0.600000,0.000478,5911,-8.556848,4456.510000,19347.500000,4.613037,1404.602662
95,2091926,2102064,2102850,0.780000,0.000509,5944,-9.194370,4467.250000,19454.700000,5.301897,1183.983280
96,2102850,2112396,2113120,0.720000,0.000542,3619,-9.892327,4477.580000,19557.800000,5.881374,1319.710529
97,2113120,2122986,2123606,0.620000,0.000583,2573,-10.752883,4488.170000,19663.600000,7.016642,1238.390296
98,2123606,2133232,2133896,0.660000,0.000536,3556,-9.882585,4498.420000,19765.700000,10.018099,1209.864874
99,2133896,2143207,2143799,0.590000,0.000491,5384,-9.042588,4508.390000,19865.400000,5.950703,1342.237429
100,2143799,2153441,2154122,0.690000,0.000510,4927,-9.486408,4518.620000,19967.400000,3.562325,1222.618947
101,2154122,2164152,2164807,0.650000,0.000718,1218,-13.691847,4529.340000,20074.300000,5.612084,1076.295259
102,2164807,2173842,2174380,0.530000,0.000493,5106,-9.239999,4539.030000,20171.500000,7.205281,1188.930998
103,2174380,2183760,2184353,0.600000,0.000534,3868,-10.115075,4548.940000,20270.200000,1.326862,1168.845566
104,2184353,2193828,2194399,0.570000,0.000502,5479,-9.517283,4559.010000,20370.600000,5.849506,1199.359757
105,2194399,2203566,2204016,0.450000,0.000550,3366,-10.559562,4568.750000,20467.900000,4.766555,1532.053184
106,2204016,2214503,2214958,0.450000,0.000509,6018,-9.767427,4579.690000,20576.900000,2.607619,1358.159221
107,2214958,2224745,2225352,0.610000,0.000524,4710,-10.128659,4589.930000,20679.400000,2.127740,1259.922891
108,2225352,2235006,2235627,0.620000,0.000515,4584,-10.007570,4600.190000,20781.700000,3.893787,1295.921462
109,2235627,2245399,2246041,0.640000,0.000498,5559,-9.707458,4610.580000,20885.300000,6.570615,956.909018
110,2246041,2254540,2255147,0.610000,0.000517,3945,-10.141539,4619.720000,20976.500000,4.413413,1343.532729
111,2255147,2265242,2265627,0.380000,0.000545,3637,-10.790196,4630.430000,21083.400000,1.012287,1253.398138
112,2265627,2275066,2275748,0.680000,0.000530,3940,-10.531538,4640.250000,21182.200000,5.616800,874.054245
113,2275748,2284489,2284884,0.400000,0.000491,4418,-9.747706,4649.670000,21275.600000,16.011982,1354.402115
114,2284884,2294826,2295567,0.740000,0.000549,3709,-11.039130,4660.010000,21378.900000,4.555518,1386.224254
115,2295567,2305519,2306076,0.560000,0.000670,1493,-13.671825,4670.700000,21485.200000,4.436176,1318.561215
116,2306076,2315450,2316270,0.820000,0.000541,4016,-10.964624,4680.630000,21585.100000,5.461052,1403.999798
117,2316270,2325813,2326661,0.840000,0.000702,1257,-14.500110,4691.000000,21688.100000,5.938066,1348.596898
118,2326661,2336345,2336828,0.480000,0.000512,5107,-10.459123,4701.530000,21793.100000,0.009918,1396.878889
119,2336828,2346295,2347135,0.840000,0.000670,1456,-13.953994,4711.480000,21892.900000,3.605959,1345.790030
120,2347135,2357494,2357997,0.500000,0.000570,3291,-11.837792,4722.680000,22004.100000,1.825237,1251.620298
121,2357997,2367657,2368115,0.460000,0.000523,4692,-10.860070,4732.840000,22105.500000,1.064222,1399.594804
122,2368115,2377836,2378405,0.570000,0.000541,4009,-11.313422,4743.020000,22206.700000,7.747078,1387.138400
123,2378405,2387878,2388515,0.640000,0.000528,3835,-11.073570,4753.060000,22307.000000,6.789664,826.593048
124,2558909,2731436,2732024,0.590000,0.000490,157426,-10.285818,5096.620000,22600.100000,0.003593,589.476595
125,2732024,2740683,2741234,0.550000,0.000431,6673,-9.092407,5105.870000,22691.500000,0.009731,1293.635961
126,2741234,2750423,2750774,0.350000,0.000429,6988,-9.085504,5115.610000,22788.900000,4.846306,1566.537741
127,2750774,2760051,2760660,0.610000,0.000443,6964,-9.448671,5125.230000,22885.400000,8.036447,1361.231135
128,2760660,2770211,2770527,0.320000,0.000436,6909,-9.322442,5135.390000,22986.500000,0.597803,1667.226411
129,2770527,2780590,2780904,0.320000,0.000436,7675,-9.380580,5145.770000,23090.200000,4.101317,1467.423914
130,2780904,2790448,2790852,0.410000,0.000467,7949,-10.130658,5155.630000,23188.700000,5.567334,1638.845180
131,2790852,2800650,2801110,0.460000,0.000499,6751,-10.925761,5165.830000,23289.800000,7.568755,1488.250771
132,2801110,2810549,2811111,0.560000,0.000502,6262,-11.049850,5175.730000,23389.000000,8.339775,1106.101147
133,2811111,2820014,2820391,0.370000,0.000479,6624,-10.552636,5185.200000,23483.300000,17.134912,1445.486948
134,2820391,2829724,2830499,0.770000,0.000496,6912,-11.007954,5194.910000,23580.200000,0.007536,1249.925896
135,2830499,2839527,2840266,0.740000,0.000507,5898,-11.298981,5204.710000,23678.100000,11.157495,1429.662839
136,2840266,2849821,2850369,0.550000,0.000500,6410,-11.184681,5215.000000,23780.900000,6.881790,1100.521601
137,2850369,2858830,2859614,0.790000,0.000479,6080,-10.734973,5224.010000,23870.900000,1.279390,1167.778648
138,2859614,2868447,2869049,0.600000,0.000495,5882,-11.161405,5233.630000,23966.700000,2.705194,1297.509706
139,2869049,2878025,2878879,0.850000,0.000508,5740,-11.532980,5243.210000,24062.000000,6.783203,1262.706890
140,2878879,2888485,2888947,0.460000,0.000484,7445,-10.999404,5253.670000,24166.800000,0.012216,1454.328732
141,2888947,2898183,2898898,0.710000,0.000527,4893,-12.082515,5263.370000,24263.500000,2.582668,1195.949841
142,2898898,2908191,2908579,0.390000,0.000522,4843,-12.023263,5273.370000,24363.100000,6.155384,1611.048627
143,2908579,2918636,2919143,0.510000,0.000536,5497,-12.403212,5283.820000,24467.700000,5.006592,1616.865657
144,2919143,2928829,2929423,0.600000,0.000511,6517,-11.843384,5294.010000,24569.400000,4.487487,1366.977390
145,2929423,2938834,2939343,0.510000,0.000511,6239,-11.905819,5304.020000,24668.000000,0.005481,1602.284805
146,2939343,2949038,2949893,0.860000,0.000508,6798,-11.894345,5314.220000,24770.200000,2.225668,1384.581156
147,2949893,2959138,2960140,1.000000,0.000490,6843,-11.482752,5324.320000,24870.600000,3.952173,1334.419812
148,2960140,2969064,2969705,0.640000,0.000500,6177,-11.782157,5334.250000,24970.300000,5.612445,1483.661247
149,2969705,2979081,2979462,0.390000,0.000540,4856,-12.842671,5344.260000,25070.200000,10.791809,1477.923345
150,2979462,2988661,2989293,0.640000,0.000528,5030,-12.597547,5353.840000,25165.400000,4.527336,1531.657950
151,2989293,2999284,2999738,0.450000,0.000528,5406,-12.638124,5364.470000,25271.200000,0.373385,1440.242280
152,2999738,3008500,3009148,0.650000,0.000531,5103,-12.758102,5373.680000,25363.500000,4.931377,1373.235746
153,3009148,3018143,3018647,0.500000,0.000531,5576,-12.813310,5383.330000,25459.900000,1.542481,1469.759089
154,3018647,3028131,3028541,0.410000,0.000520,5910,-12.597464,5393.310000,25559.600000,10.220126,1084.421346
155,3028541,3037312,3037703,0.390000,0.000503,5594,-12.204315,5402.500000,25651.000000,4.920826,1649.823165
156,3037703,3047327,3047887,0.560000,0.000535,5111,-13.074322,5412.510000,25751.300000,9.345595,1283.463044
157,3047887,3057016,3057555,0.540000,0.000601,2562,-14.815071,5422.200000,25848.200000,5.669442,1866.542231
158,3057555,3067673,3068086,0.410000,0.000570,4453,-14.090394,5432.860000,25953.900000,-0.369279,1360.442735
159,3068086,3077260,3077950,0.690000,0.000540,4761,-13.355817,5442.440000,26050.000000,4.310202,1517.551870
160,3077950,3087372,3087789,0.410000,0.000528,5825,-13.115691,5452.560000,26150.800000,4.511685,1533.119126
161,3087789,3097063,3097682,0.620000,0.000523,5990,-13.023112,5462.250000,26247.800000,4.281903,1374.768865
162,3097682,3107039,3107350,0.310000,0.000517,6551,-12.908738,5472.220000,26347.200000,0.002382,1443.048965
163,3107350,3116741,3117051,0.310000,0.000539,5437,-13.546464,5481.920000,26444.000000,5.398532,1321.674928
164,3117051,3126390,3126738,0.350000,0.000528,5507,-13.313072,5491.570000,26540.100000,7.035491,1471.650447
165,3126738,3136124,3136502,0.380000,0.000537,4957,-13.588158,5501.310000,26637.600000,9.767389,1360.620943
166,3136502,3145594,3146076,0.480000,0.000550,4190,-13.997629,5510.780000,26731.900000,0.005776,1159.001610
167,3146076,3155004,3155348,0.340000,0.000547,4005,-13.964624,5520.190000,26826.100000,11.802647,1667.110047
168,3155348,3165263,3165764,0.500000,0.000530,6274,-13.559556,5530.450000,26928.200000,4.846045,1361.370447
169,3165764,3174851,3175317,0.470000,0.000509,6096,-13.052827,5540.030000,27023.500000,5.259417,1226.932498
170,3175317,3184450,3184886,0.440000,0.000542,4992,-13.999903,5549.630000,27119.700000,0.692529,1229.335057
171,3184886,3193717,3194209,0.490000,0.000550,3935,-14.276814,5558.900000,27212.400000,5.707917,1316.538408
172,3194209,3203405,3203919,0.510000,0.000552,4555,-14.379692,5568.590000,27309.100000,5.408106,1360.150501
173,3203919,3213541,3213953,0.420000,0.000527,5957,-13.752743,5578.720000,27409.900000,5.439274,1550.155003
174,3213953,3223694,3224328,0.630000,0.000533,5580,-13.961179,5588.880000,27511.300000,1.734869,922.947265
175,3224328,3232206,3232845,0.640000,0.000517,4280,-13.562524,5597.390000,27596.600000,0.389714,1219.179847
176,3232845,3242060,3242771,0.710000,0.000532,5945,-14.025077,5607.240000,27695.100000,4.091963,1422.463794
177,3242771,3252093,3252663,0.570000,0.000521,6062,-13.780807,5617.280000,27795.100000,4.441341,1373.215917
178,3252663,3262123,3262357,0.230000,0.000540,4817,-14.358619,5627.310000,27894.900000,0.819740,1434.195954
179,3262357,3271541,3272089,0.550000,0.000527,5390,-14.040708,5636.720000,27988.600000,5.139141,1800.293767
180,3272089,3282013,3282501,0.480000,0.000554,5371,-14.868522,5647.200000,28093.500000,0.247607,1539.862504
181,3282501,3291746,3292179,0.430000,0.000569,4318,-15.332681,5656.930000,28190.600000,4.847991,1413.665410
182,3292179,3301256,3301885,0.630000,0.000531,5558,-14.313907,5666.440000,28285.800000,4.028811,1327.279508
183,3301885,3310809,3311339,0.530000,0.000528,5961,-14.280610,5675.990000,28380.800000,6.795847,1349.149389
184,3311339,3320689,3321216,0.530000,0.000587,3282,-16.003616,5685.870000,28479.400000,5.190478,1533.841195
185,3321216,3330669,3331225,0.560000,0.000706,1307,-19.471451,5695.850000,28579.000000,5.001942,1299.742165
186,3331225,3340003,3340545,0.540000,0.000524,5829,-14.325570,5705.190000,28672.300000,5.075665,1316.431818
187,3340545,3350185,3350626,0.440000,0.000552,4939,-15.176851,5715.370000,28774.000000,0.820022,1367.689360
188,3350626,3360383,3360789,0.400000,0.000519,6708,-14.282021,5725.570000,28875.600000,10.529886,1084.239446
189,3360789,3369599,3369954,0.360000,0.000532,5474,-14.710180,5734.780000,28967.400000,4.020653,1138.528740
190,3369954,3378785,3379400,0.610000,0.000534,4840,-14.810782,5743.970000,29059.200000,5.141870,1124.642845
191,3379400,3388835,3389392,0.560000,0.000552,5222,-15.403185,5754.020000,29159.600000,2.884282,1145.163673
192,3389392,3398560,3399131,0.570000,0.000539,5751,-15.063905,5763.740000,29256.800000,1.012151,1300.874490
193,3399131,3409064,3409485,0.420000,0.000737,1394,-20.928050,5774.250000,29361.800000,1.332835,1354.312642
194,3409485,3419206,3419945,0.740000,0.000543,6092,-15.306144,5784.390000,29463.100000,6.354081,1108.524447
195,3419945,3429041,3429581,0.540000,0.000524,5632,-14.788468,5794.220000,29561.100000,2.513613,1198.261076
196,3429581,3439126,3439127,0.000000,0.000769,1080,-22.089353,5804.310000,29661.900000,nan,1184.759663
197,3439127,3448095,3448403,0.310000,0.000519,6956,-14.726873,5813.280000,29751.300000,5.874645,1202.808050
198,3448403,3456974,3457931,0.950000,0.000529,6110,-15.089024,5822.160000,29839.400000,3.042965,1419.820121
199,3457931,3467641,3468135,0.500000,0.000541,6384,-15.510731,5832.820000,29946.100000,5.386727,1290.424833
200,3468135,3477759,3478274,0.520000,0.000537,6838,-15.442001,5842.940000,30046.800000,9.167313,1301.127025
201,3478274,3487782,3488180,0.390000,0.000535,6577,-15.411672,5852.970000,30147.200000,0.578643,1208.917161
202,3488180,3497595,3497777,0.180000,0.000582,3592,-16.888708,5862.780000,30245.300000,9.998280,1260.233609
203,3497777,3507619,3508091,0.470000,0.000528,7049,-15.330277,5872.800000,30345.400000,4.265000,1210.401605
204,3508091,3517303,3517926,0.620000,0.000565,4636,-16.506169,5882.490000,30441.900000,5.624401,1124.947547
205,3517926,3527007,3527436,0.430000,0.000534,6113,-15.595235,5892.190000,30538.700000,5.232783,974.442324
206,3527436,3536196,3536454,0.260000,0.000613,2411,-18.061046,5901.380000,30630.500000,4.431894,1213.467807
207,3536454,3545926,3546490,0.560000,0.000635,3173,-18.801548,5911.110000,30727.200000,1.451931,1201.584722
208,3546490,3556013,3556327,0.310000,0.000746,1328,-22.272077,5921.200000,30828.500000,7.909725,1228.436142
209,3556327,3565537,3565989,0.450000,0.000745,990,-22.308217,5930.720000,30923.300000,3.001381,1112.934217
210,3565989,3575055,3575449,0.390000,0.000575,3832,-17.128690,5940.240000,31018.200000,1.522066,1029.827996
211,3575449,3584069,3584547,0.480000,0.000538,4723,-16.035232,5949.250000,31108.600000,5.352062,1128.747917
212,3584547,3593301,3593807,0.510000,0.000550,4743,-16.464111,5958.480000,31200.700000,9.175573,1181.393875
213,3593807,3603064,3603414,0.350000,0.000696,1301,-21.067362,5968.250000,31298.100000,4.587250,1615.244969
214,3603414,3612414,3613039,0.620000,0.000755,1050,-22.972209,5977.600000,31391.100000,8.968956,1508.842890
215,3613039,3622039,3622566,0.530000,0.000534,6023,-16.103433,5987.220000,31487.600000,4.043941,1338.670165
216,3622566,3631143,3631823,0.680000,0.000557,4288,-16.899611,5996.330000,31578.200000,8.043624,1423.587322
217,3631823,3641000,3641379,0.380000,0.000571,4427,-17.391989,6006.180000,31676.200000,5.429370,1437.458798
218,3641379,3650701,3651156,0.460000,0.000676,1822,-20.769485,6015.880000,31773.000000,2.312659,1530.317585
219,3651156,3660419,3660815,0.400000,0.000726,1301,-22.433515,6025.600000,31870.200000,0.068005,1509.018525
220,3660815,3670026,3670467,0.440000,0.000534,6023,-16.358482,6035.210000,31966.600000,4.442045,1400.215969
221,3670467,3679328,3679818,0.490000,0.000553,5027,-17.041443,6044.510000,32059.100000,4.225539,1453.267972
222,3679818,3688695,3689269,0.570000,0.000534,5751,-16.463016,6053.880000,32152.500000,4.510652,1456.649651
223,3689269,3698365,3698970,0.600000,0.000573,4732,-17.760228,6063.550000,32249.300000,2.099218,1292.417760
224,3698970,3707683,3708142,0.460000,0.000580,3967,-18.048550,6072.870000,32342.100000,4.990948,1448.965291
225,3708142,3717019,3717417,0.400000,0.000578,3931,-18.040199,6082.200000,32435.600000,4.151797,1350.738526
226,3717417,3726652,3727051,0.390000,0.000523,6607,-16.322654,6091.840000,32531.500000,1.954231,1444.191457
227,3727051,3736414,3736734,0.320000,0.000558,5660,-17.498379,6101.600000,32628.800000,7.561969,1454.935085
228,3736734,3746041,3746377,0.340000,0.000557,5111,-17.519514,6111.220000,32725.200000,12.699885,1481.649940
229,3746377,3755711,3756065,0.360000,0.000734,1337,-23.386656,6120.890000,32821.500000,4.957699,1432.560588
230,3756065,3765060,3765651,0.590000,0.000695,1563,-22.150972,6130.240000,32915.000000,2.116270,1470.453077
231,3765651,3774598,3774954,0.360000,0.000761,1177,-24.401788,6139.780000,33009.800000,6.698566,1385.719218
232,3774954,3783827,3784137,0.310000,0.000542,5879,-17.239950,6149.010000,33102.200000,6.814175,1380.505295
233,3784137,3793111,3793376,0.270000,0.000747,1062,-24.075181,6158.290000,33195.000000,1.337832,1539.192636
234,3793376,3803019,3803320,0.300000,0.000663,2269,-21.372023,6168.200000,33293.900000,8.084172,1313.478366
235,3803320,3812450,3812751,0.300000,0.000718,1138,-23.256919,6177.630000,33387.800000,11.963119,1422.783293
236,3812751,3821633,3822208,0.570000,0.000549,5910,-17.678147,6186.820000,33479.600000,9.377875,1451.750845
237,3822208,3831048,3831463,0.420000,0.000578,4181,-18.703214,6196.230000,33573.500000,3.182666,1149.440315
238,3831463,3839586,3840113,0.530000,0.000537,5117,-17.385577,6204.770000,33658.500000,-0.014109,1442.833315
239,3840113,3849120,3849521,0.400000,0.000554,5424,-18.002113,6214.300000,33753.300000,2.809724,1296.882559
240,3849521,3858029,3858459,0.430000,0.000546,5254,-17.787974,6223.210000,33842.800000,2.061498,1298.745381
241,3858459,3867664,3868191,0.520000,0.000571,4792,-18.679994,6232.850000,33938.600000,2.318707,1297.075998
242,3868191,3876749,3877174,0.430000,0.000550,4806,-18.030565,6241.930000,34029.600000,0.698415,1257.374795
243,3877174,3885530,3886104,0.580000,0.000566,3975,-18.610665,6250.710000,34117.200000,4.547586,1266.809816
244,3886104,3895005,3895413,0.410000,0.000535,6570,-17.586910,6260.190000,34211.900000,4.962874,1570.161287
245,3895413,3904747,3905157,0.410000,0.000597,4154,-19.785729,6269.930000,34308.800000,4.339203,1480.041233
246,3905157,3914818,3915174,0.360000,0.000795,995,-26.616423,6280.000000,34409.500000,4.673222,1542.928431
247,3915174,3924196,3924791,0.590000,0.000566,4835,-18.831556,6289.380000,34503.200000,5.442771,1253.916658
248,3924791,3933509,3933912,0.410000,0.000548,5585,-18.262268,6298.690000,34595.700000,7.468289,1500.196018
249,3933912,3943273,3943746,0.470000,0.000712,1554,-23.996492,6308.460000,34694.000000,6.382208,1420.015758
250,3943746,3952486,3952814,0.330000,0.000536,6646,-17.930259,6317.670000,34785.100000,16.275714,1604.385289
251,3952814,3962108,3962574,0.470000,0.000735,1611,-24.913028,6327.290000,34881.600000,3.598764,1456.743026
252,3962574,3972086,3972300,0.210000,0.000753,1241,-25.624178,6337.270000,34981.000000,5.004737,1358.803861
253,3972300,3981284,3981821,0.530000,0.000591,4209,-20.009778,6346.470000,35072.900000,4.259241,1396.508645
254,3981821,3990624,3991056,0.430000,0.000547,5977,-18.548976,6355.810000,35166.100000,0.185813,1377.274600
255,3991056,4000003,4000533,0.530000,0.000552,5959,-18.772995,6365.190000,35259.800000,4.773083,1376.836487
256,4000533,4009281,4009629,0.350000,0.000560,5026,-19.109613,6374.460000,35352.300000,6.390150,1308.892187
257,4009629,4018837,4019240,0.400000,0.000566,5948,-19.369088,6384.020000,35447.600000,4.654050,1510.657337
258,4019240,4028222,4028699,0.470000,0.000548,6121,-18.768268,6393.410000,35541.200000,5.230617,1246.473983
259,4028699,4037309,4037727,0.420000,0.000602,2733,-20.763375,6402.490000,35631.700000,4.628880,1318.211158
260,4037727,4046436,4046880,0.440000,0.000792,1120,-27.572080,6411.620000,35723.300000,2.264203,1057.125764
261,4046880,4055055,4055651,0.590000,0.000550,5141,-18.989834,6420.240000,35809.100000,5.262837,1245.534078
262,4055651,4064304,4064746,0.440000,0.000803,999,-28.094538,6429.490000,35901.300000,5.411586,1203.558569
263,4064746,4073229,4073697,0.470000,0.000538,5488,-18.665546,6438.410000,35990.500000,0.559054,1274.906390
264,4073697,4082823,4083203,0.380000,0.000553,5714,-19.245520,6448.010000,36086.100000,15.819958,1236.290361
265,4083203,4091724,4092103,0.380000,0.000574,4036,-20.051910,6456.910000,36174.400000,4.582803,1240.767483
266,4092103,4101012,4101436,0.420000,0.000724,1553,-25.561885,6466.200000,36267.200000,4.809247,1385.145228
267,4101436,4110754,4111192,0.440000,0.000561,5398,-19.695718,6475.940000,36364.000000,2.179167,1480.591491
268,4111192,4120115,4120729,0.610000,0.000560,5408,-19.715616,6485.300000,36457.700000,4.178629,1295.303400
269,4120729,4234802,4242206,7.400000,0.000764,1096,-27.196418,6599.990000,36568.700000,0.010204,2049.017444
270,4242206,4251619,4251810,0.190000,0.000487,6964,-17.200510,6616.800000,36736.900000,3.617890,2057.133865
271,4251810,4260830,4261209,0.380000,0.000489,6525,-17.295433,6626.010000,36828.700000,8.180406,1603.515456
272,4261209,4270146,4270527,0.380000,0.000492,6052,-17.487922,6635.330000,36922.100000,4.030562,1608.784486
273,4270527,4279746,4280133,0.390000,0.000500,5574,-17.822448,6644.930000,37017.500000,1.807597,1358.444469
274,4280133,4288664,4288954,0.290000,0.000475,6190,-16.923820,6653.850000,37106.400000,0.005537,1629.690993
275,4288954,4298037,4298312,0.280000,0.000482,6241,-17.245435,6663.220000,37200.300000,2.643551,1449.865616
276,4298312,4306858,4307288,0.430000,0.000461,6983,-16.514879,6672.040000,37288.000000,4.995327,1552.955628
277,4307288,4316690,4317131,0.440000,0.000490,6555,-17.621194,6681.870000,37386.000000,4.355067,1317.716530
278,4317131,4325850,4326207,0.360000,0.000475,6508,-17.101017,6691.030000,37477.500000,5.189011,1526.884493
279,4326207,4335330,4335622,0.300000,0.000474,7164,-17.128396,6700.510000,37571.900000,4.501576,1881.294838
280,4335622,4345014,4345387,0.370000,0.000476,7033,-17.250255,6710.200000,37669.300000,2.453385,1636.202205
281,4345387,4354489,4354859,0.370000,0.000477,6380,-17.328480,6719.670000,37763.400000,8.910780,1477.108434
282,4354859,4364039,4364337,0.300000,0.000476,6341,-17.311158,6729.220000,37858.600000,6.552414,1715.813158
283,4364337,4373355,4373712,0.360000,0.000482,6308,-17.614661,6738.540000,37951.300000,4.949355,1382.499727
284,4373712,4382589,4382877,0.290000,0.000479,6397,-17.525500,6747.770000,38043.800000,0.147307,1875.674281
285,4382877,4391849,4392393,0.550000,0.000481,6597,-17.638801,6757.030000,38136.200000,5.192329,1309.846795
286,4392393,4401166,4401479,0.310000,0.000482,5812,-17.722077,6766.350000,38229.100000,5.409443,1466.862891
287,4401479,4410229,4410727,0.500000,0.000467,6374,-17.213659,6775.410000,38319.700000,1.777782,1446.754585
288,4410727,4419633,4420025,0.390000,0.000464,6925,-17.120764,6784.820000,38413.500000,8.111116,1172.776224
289,4420025,4428411,4428801,0.390000,0.000462,6343,-17.091695,6793.590000,38501.300000,5.327218,1514.311617
290,4428801,4437641,4438015,0.380000,0.000480,6563,-17.842637,6802.820000,38593.400000,5.284730,1289.895129
291,4438015,4447062,4447306,0.240000,0.000473,6734,-17.622534,6812.250000,38687.400000,1.976558,1664.601622
292,4447306,4456716,4457056,0.340000,0.000477,6517,-17.806598,6821.900000,38783.400000,6.075083,1594.314983
293,4457056,4466444,4466751,0.300000,0.000482,6522,-18.058527,6831.630000,38880.700000,4.210250,1574.047265
294,4466751,4475861,4476193,0.340000,0.000477,6714,-17.889304,6841.040000,38974.800000,4.620109,1630.252554
295,4476193,4485080,4485573,0.500000,0.000483,6544,-18.175511,6850.260000,39067.000000,5.249895,1478.612687
296,4485573,4494375,4494657,0.280000,0.000474,6109,-17.876295,6859.560000,39159.600000,4.487468,1537.799739
297,4494657,4504134,4504310,0.170000,0.000478,6635,-18.084341,6869.320000,39256.700000,10.151068,1436.186713
298,4504310,4513029,4513285,0.260000,0.000453,7303,-17.128775,6878.210000,39345.700000,5.204196,1255.169893
299,4513285,4522051,4522276,0.230000,0.000475,6722,-18.056925,6887.230000,39435.400000,6.525990,1651.284329
300,4522276,4531336,4531604,0.270000,0.000471,7391,-17.911583,6896.520000,39528.500000,4.748333,1412.802951
301,4531604,4540304,4540557,0.250000,0.000465,6674,-17.714748,6905.490000,39617.900000,4.540882,1481.267275
302,4540557,4549510,4549793,0.290000,0.000489,5608,-18.734311,6914.690000,39709.600000,4.423181,1475.111401
303,4549793,4558827,4559093,0.270000,0.000471,6754,-18.053635,6924.010000,39802.700000,5.011113,1605.134199
304,4559093,4568387,4568615,0.230000,0.000486,6665,-18.676625,6933.570000,39898.000000,2.904778,1399.876683
305,4568615,4577230,4577513,0.290000,0.000472,6176,-18.194482,6942.410000,39986.400000,6.514822,1572.321219
306,4577513,4586601,4586900,0.300000,0.000486,6341,-18.792536,6951.780000,40079.900000,5.311285,1339.677992
307,4586900,4595515,4595878,0.360000,0.000478,6218,-18.496686,6960.700000,40169.000000,5.319882,1372.288257
308,4595878,4604756,4605099,0.340000,0.000470,6675,-18.224074,6969.940000,40261.100000,6.060816,1385.552484
309,4605099,4613736,4614083,0.350000,0.000476,6292,-18.532057,6978.920000,40350.400000,5.626472,1416.255799
310,4614083,4622517,4622926,0.410000,0.000468,6321,-18.228837,6987.700000,40438.000000,4.335196,1475.150142
311,4622926,4632344,4632634,0.290000,0.000493,5932,-19.284211,6997.530000,40536.600000,4.465171,1657.224025
312,4632634,4641801,4642160,0.360000,0.000486,6092,-19.044576,7006.980000,40630.600000,5.106156,1427.179059
313,4642160,4650677,4651045,0.370000,0.000467,6690,-18.318371,7015.860000,40719.300000,4.507585,1500.052609
314,4651045,4660002,4660335,0.330000,0.000482,6094,-18.960312,7025.190000,40812.500000,4.386467,1393.467954
315,4660335,4668990,4669365,0.380000,0.000477,6107,-18.814575,7034.170000,40901.900000,4.609708,1417.005056
316,4669365,4678173,4678875,0.700000,0.000484,6411,-19.148251,7043.360000,40994.300000,4.627645,1628.999561
317,4678875,4688071,4688297,0.230000,0.000488,5939,-19.340793,7053.250000,41092.800000,3.400662,1521.147887
318,4688297,4696726,4697013,0.290000,0.000471,6348,-18.720676,7061.910000,41179.100000,5.049977,1586.405091
319,4697013,4706089,4706295,0.210000,0.000485,6192,-19.339087,7071.270000,41272.700000,7.667911,1352.181778
320,4706295,4715159,4715401,0.240000,0.000478,6443,-19.088818,7080.340000,41363.200000,4.929714,1419.358383
321,4715401,4723827,4724276,0.450000,0.000476,6248,-19.025529,7089.010000,41449.400000,2.662827,1195.605188
322,4724276,4732336,4732690,0.350000,0.000468,6021,-18.732939,7097.520000,41534.500000,4.422040,1345.208753
323,4732690,4741435,4741769,0.330000,0.000493,5697,-19.843515,7106.620000,41625.100000,1.190451,1431.749726
324,4741769,4750726,4750965,0.240000,0.000476,6840,-19.174062,7115.910000,41718.000000,6.030337,1510.759560
325,4750965,4759568,4759775,0.210000,0.000489,5703,-19.748974,7124.750000,41806.500000,7.250742,1447.092348
326,4759775,4768668,4768876,0.210000,0.000484,6362,-19.571417,7133.850000,41897.300000,8.133316,1455.137013
327,4768876,4777764,4777978,0.210000,0.000487,6292,-19.766320,7142.950000,41987.900000,4.140715,1276.087642
328,4777978,4786430,4786645,0.220000,0.000484,5866,-19.683331,7151.610000,42074.500000,7.028665,1366.520044
329,4786645,4795058,4795466,0.410000,0.000472,6554,-19.206650,7160.240000,42160.900000,7.203135,1313.422476
330,4795466,4804028,4804509,0.480000,0.000482,6221,-19.678661,7169.210000,42250.100000,0.470226,1269.990743
331,4804509,4812847,4813149,0.300000,0.000478,5710,-19.537442,7178.030000,42338.300000,5.002830,1420.623821
332,4813149,4821829,4822249,0.420000,0.000473,6676,-19.380390,7187.010000,42428.000000,4.326613,1423.443685
333,4822249,4830827,4831196,0.370000,0.000481,5920,-19.771734,7196.010000,42517.700000,4.591159,1437.768642
334,4831196,4840104,4840462,0.360000,0.000483,6337,-19.898691,7205.290000,42610.400000,4.071852,1649.239659
335,4840462,4849270,4849584,0.320000,0.000487,6329,-20.086098,7214.450000,42701.900000,3.609228,1476.706969
336,4849584,4858549,4858884,0.340000,0.000483,6156,-19.985472,7223.730000,42794.300000,4.259600,1721.624040
337,4858884,4868086,4868641,0.550000,0.000501,6335,-20.778268,7233.270000,42889.700000,0.265902,1422.151954
338,4868641,4877025,4877508,0.480000,0.000480,5831,-19.924823,7242.210000,42978.900000,4.845562,1906.049274
339,4877508,4886669,4887062,0.400000,0.000495,6102,-20.644974,7251.850000,43075.000000,-0.062374,1282.496810
340,4887062,4895551,4895913,0.370000,0.000484,6084,-20.216708,7260.730000,43163.300000,5.211442,1439.214520
341,4895913,4905075,4905650,0.570000,0.000506,5636,-21.175963,7270.260000,43258.800000,3.431785,1473.237676
342,4905650,4914702,4915106,0.400000,0.000495,5876,-20.755551,7279.890000,43354.900000,6.364118,1366.565093
343,4915106,4923835,4924182,0.350000,0.000488,6131,-20.488664,7289.020000,43445.700000,0.938785,1308.398071
344,4924182,4932819,4933396,0.580000,0.000481,6605,-20.265558,7298.000000,43534.700000,2.311416,1117.209282
345,4933396,4941761,4942126,0.370000,0.000483,5779,-20.393689,7306.940000,43624.100000,5.106516,1239.557608
346,4942126,4950847,4951215,0.370000,0.000476,6567,-20.123352,7316.030000,43714.800000,5.054549,1170.746596
347,4951215,4959544,4959928,0.380000,0.000467,6250,-19.749196,7324.730000,43801.600000,4.419399,1154.605795
348,4959928,4968555,4968872,0.320000,0.000476,6201,-20.219179,7333.740000,43891.600000,3.265082,1361.381162
349,4968872,4977279,4977650,0.370000,0.000482,5863,-20.494665,7342.460000,43978.800000,3.671033,1442.484755
350,4977650,4986705,4986978,0.270000,0.000493,6179,-21.023482,7351.890000,44072.900000,5.094995,1648.196018
351,4986978,4995790,4996080,0.290000,0.000491,6315,-20.991504,7360.970000,44163.400000,3.981419,1494.816988
352,4996080,5005695,5006029,0.330000,0.000494,6456,-21.167811,7370.880000,44262.100000,5.212701,1615.123372
353,5006029,5015351,5015645,0.300000,0.000491,6481,-21.089014,7380.530000,44358.500000,7.703251,1670.920149
354,5015645,5025081,5025417,0.340000,0.000494,6711,-21.258402,7390.260000,44455.900000,3.993410,1617.236779
355,5025417,5034481,5034690,0.210000,0.000504,5418,-21.764588,7399.660000,44549.600000,4.942714,1504.186374
356,5034690,5043758,5043931,0.170000,0.000495,6157,-21.420118,7408.940000,44641.900000,15.546250,1557.108138
357,5043931,5053044,5053196,0.150000,0.000485,6425,-20.998963,7418.230000,44735.100000,21.359135,1480.061417
358,5053196,5062107,5062403,0.300000,0.000483,6479,-20.970172,7427.290000,44825.500000,5.628969,1628.859961
359,5062403,5071465,5071675,0.210000,0.000485,6423,-21.092858,7436.650000,44918.500000,7.724893,1452.801930
360,5071675,5080754,5081021,0.260000,0.000501,5472,-21.858406,7445.940000,45011.400000,1.275678,1528.227113
361,5081021,5090147,5090497,0.350000,0.000492,6115,-21.515540,7455.330000,45105.400000,4.036377,1714.623514
362,5090497,5099594,5099874,0.280000,0.000490,6355,-21.449852,7464.780000,45199.500000,1.554154,1187.392716
363,5099874,5107853,5108305,0.450000,0.000477,5975,-20.919196,7473.040000,45282.000000,4.959574,1067.087919
364,5108305,5116717,5117018,0.300000,0.000480,6023,-21.063603,7481.900000,45370.100000,5.788563,1329.312459
365,5117018,5125632,5126020,0.380000,0.000478,6309,-21.030987,7490.820000,45459.400000,3.925935,1192.490857
366,5126020,5134551,5134843,0.300000,0.000479,6153,-21.109067,7499.730000,45548.400000,4.884295,1180.293392
367,5134843,5142837,5143217,0.380000,0.000481,5991,-21.266846,7508.020000,45631.400000,9.982206,1325.080490
368,5143217,5151742,5152095,0.350000,0.000488,5897,-21.638218,7516.930000,45720.100000,5.183806,1167.253790
369,5152095,5160599,5160868,0.270000,0.000491,5736,-21.802533,7525.780000,45808.200000,4.843689,1513.527400
370,5160868,5170331,5170580,0.250000,0.000500,5947,-22.255468,7535.510000,45905.500000,5.847526,1681.579780
371,5170580,5179774,5180108,0.330000,0.000502,6262,-22.398575,7544.960000,45999.700000,3.191939,1376.730710
372,5180108,5188638,5188961,0.320000,0.000490,6081,-21.868359,7553.820000,46088.500000,5.167076,1348.960982
373,5188961,5197833,5198155,0.320000,0.000494,6291,-22.133466,7563.020000,46180.300000,2.398798,1109.292024
374,5198155,5206432,5206645,0.210000,0.000486,6167,-21.794724,7571.620000,46265.800000,7.691084,1538.069813
375,5206645,5215784,5216071,0.280000,0.000504,5759,-22.662502,7580.970000,46359.400000,4.953963,1351.770024
376,5216071,5224833,5225194,0.360000,0.000492,6079,-22.166441,7590.020000,46449.800000,4.919892,1406.085125
377,5225194,5234035,5234221,0.180000,0.000495,6090,-22.321575,7599.220000,46541.200000,7.775433,1566.750328
378,5234221,5243041,5243614,0.580000,0.000505,6076,-22.863774,7608.220000,46631.600000,4.409411,1622.485658
379,5243614,5252341,5252661,0.320000,0.000507,5863,-22.990621,7617.520000,46724.100000,1.998578,1151.585752
380,5252661,5260835,5261268,0.430000,0.000498,5148,-22.636982,7626.020000,46809.000000,2.050536,1433.804386
381,5261268,5270054,5270370,0.310000,0.000492,6040,-22.394696,7635.240000,46900.900000,5.294756,1201.393367
382,5270370,5278508,5278823,0.320000,0.000501,5448,-22.849336,7643.690000,46985.500000,4.842625,1683.162709
383,5278823,5288050,5288462,0.420000,0.000507,6003,-23.156154,7653.230000,47080.600000,3.365370,1311.360915
384,5288462,5296855,5297420,0.560000,0.000497,5846,-22.769586,7662.040000,47168.500000,1.990969,1480.119246
385,5297420,5305850,5306242,0.400000,0.000494,5897,-22.665602,7671.030000,47258.000000,5.048824,1464.484661
386,5306242,5314840,5315209,0.370000,0.000499,5928,-22.932757,7680.020000,47347.900000,2.304117,1408.046573
387,5315209,5324031,5324570,0.540000,0.000504,6134,-23.209099,7689.210000,47439.800000,-0.006597,1491.180659
388,5324570,5333077,5333736,0.660000,0.000503,6068,-23.237068,7698.260000,47530.000000,0.504684,1528.447270
389,5333736,5342832,5343125,0.290000,0.000513,5657,-23.726560,7708.020000,47627.300000,7.815749,1467.343729
390,5343125,5351811,5352047,0.240000,0.000502,6144,-23.265021,7716.990000,47716.800000,5.042497,1875.400746
391,5352047,5361066,5361261,0.190000,0.000522,5541,-24.255790,7726.250000,47809.600000,9.892207,1376.294338
392,5361261,5369668,5370076,0.410000,0.000502,5597,-23.369971,7734.850000,47895.200000,5.206339,1557.218456
393,5370076,5379204,5379507,0.300000,0.000512,6419,-23.863035,7744.390000,47990.500000,3.797783,1625.152184
394,5379507,5388660,5388907,0.250000,0.000518,5757,-24.233102,7753.840000,48084.400000,5.188352,1553.165864
395,5388907,5397826,5398200,0.370000,0.000506,6259,-23.705658,7763.010000,48176.400000,4.693697,1610.217153
396,5398200,5407213,5407461,0.240000,0.000514,5661,-24.094182,7772.400000,48270.200000,4.955589,1631.094603
397,5407461,5416167,5416500,0.330000,0.000508,6259,-23.890063,7781.350000,48359.600000,5.079639,1666.600088
398,5416500,5425065,5425454,0.390000,0.000508,5708,-23.925075,7790.250000,48448.500000,4.253214,1546.260641
399,5425454,5433693,5434224,0.530000,0.000494,6339,-23.300658,7798.880000,48534.400000,3.645772,1564.932166
400,5434224,5443253,5443524,0.270000,0.000511,5869,-24.174400,7808.440000,48629.900000,2.039079,1553.427003
401,5443524,5452187,5452399,0.210000,0.000518,5318,-24.522624,7817.370000,48718.700000,0.972082,1668.939367
402,5452399,5461037,5461450,0.410000,0.000502,5930,-23.825719,7826.220000,48807.600000,3.970510,1906.595567
403,5461450,5470790,5471150,0.360000,0.000525,5713,-24.963406,7835.970000,48904.300000,1.461509,1721.290323
404,5471150,5480023,5480515,0.490000,0.000523,5575,-24.931675,7845.210000,48997.000000,-0.047173,1656.513543
405,5480515,5489050,5489474,0.430000,0.000525,5154,-25.072219,7854.230000,49087.100000,0.151356,1759.846626
406,5489474,5498155,5498689,0.530000,0.000506,6033,-24.211530,7863.340000,49177.700000,0.904844,1440.540944
407,5498689,5506570,5507012,0.450000,0.000508,5499,-24.319941,7871.750000,49261.900000,0.013039,1525.658966
408,5507012,5515837,5516295,0.460000,0.000518,5558,-24.853610,7881.020000,49354.300000,4.448168,1347.985925
409,5516295,5524450,5524851,0.400000,0.000499,5891,-23.999283,7889.630000,49440.300000,4.211143,1785.342146
410,5524851,5533252,5533841,0.580000,0.000514,5489,-24.773694,7898.440000,49528.200000,0.868760,1489.678980
411,5533841,5540065,5542553,2.490000,0.000494,6224,-23.827816,7905.250000,49596.000000,2.886644,1599.737027
412,5542553,5551464,5552025,0.560000,0.001019,716,-49.925562,7916.650000,49709.800000,1.494168,1151.394685
413,5552025,5559595,5560056,0.460000,0.001016,642,-49.872510,7924.780000,49790.800000,3.638023,1532.441911
414,5560056,5569010,5569447,0.440000,0.000599,5026,-29.207578,7934.190000,49885.000000,5.219337,1395.675319
415,5569447,5577470,5577992,0.530000,0.000561,5379,-27.346141,7942.650000,49969.500000,2.597880,1696.935965
416,5577992,5586613,5587025,0.410000,0.000583,5630,-28.472770,7951.800000,50060.500000,3.951858,1582.440440
417,5587025,5595059,5595727,0.670000,0.000593,5090,-29.065474,7960.240000,50145.100000,2.638194,1795.302397
418,5595727,5604420,5604896,0.480000,0.000581,5967,-28.501454,7969.600000,50238.500000,6.679677,1529.867017
419,5604896,5613681,5614145,0.470000,0.000608,4633,-29.882238,7978.860000,50330.600000,2.016274,1844.694316
420,5614145,5622811,5623341,0.530000,0.000587,5591,-28.901062,7987.990000,50421.700000,3.325527,1475.290081
421,5623341,5631834,5632437,0.600000,0.001097,427,-54.658053,7997.020000,50511.900000,4.160532,1561.582418
422,5632437,5640427,5640879,0.450000,0.001095,388,-54.692313,8005.610000,50597.300000,4.471273,1176.326674
